 3.72498762e+03 5.49878560e-09
 3.72500762e+03 5.49878560e-09
 3.72502762e+03 5.49878560e-09
 3.72504762e+03 5.49878560e-09
 3.72506762e+03 5.49878560e-09
 3.72508762e+03 5.49878560e-09
 3.72510762e+03 5.49878560e-09
 3.72512762e+03 5.49878560e-09
 3.72514762e+03 5.49878560e-09
 3.72516762e+03 5.49878560e-09
 3.72518762e+03 5.49878560e-09
 3.72520762e+03 5.49878560e-09
 3.72522762e+03 5.49878560e-09
 3.72524762e+03 5.49878560e-09
 3.72526762e+03 5.49878560e-09
 3.72528762e+03 5.49878560e-09
 3.72530762e+03 5.49878560e-09
 3.72532762e+03 5.49878560e-09
 3.72534762e+03 5.49878560e-09
 3.72536762e+03 5.49878560e-09
 3.72538762e+03 5.49878560e-09
 3.72540762e+03 5.49878560e-09
 3.72542762e+03 5.49878560e-09
 3.72544762e+03 5.49878560e-09
 3.72546762e+03 5.49878560e-09
 3.72548762e+03 5.49878560e-09
 3.72550762e+03 5.49878560e-09
 3.72552762e+03 5.49878560e-09
 3.72554762e+03 5.49878560e-09
 3.72556762e+03 5.49878560e-09
 3.72558762e+03 5.49878560e-09
 3.72560762e+03 5.49878560e-09
 3.72562762e+03 5.49878560e-09
 3.72564762e+03 5.49878560e-09
 3.72566762e+03 5.49878560e-09
 3.72568762e+03 5.49878560e-09
 3.72570762e+03 5.49878560e-09
 3.72572762e+03 5.49878560e-09
 3.72574762e+03 5.49878560e-09
 3.72576762e+03 5.49878560e-09
 3.72578762e+03 5.49878560e-09
 3.72580762e+03 5.49878560e-09
 3.72582762e+03 5.49878560e-09
 3.72584762e+03 5.49878560e-09
 3.72586762e+03 5.49878560e-09
 3.72588762e+03 5.49878560e-09
 3.72590762e+03 5.49878560e-09
 3.72592762e+03 5.49878560e-09
 3.72594762e+03 5.49878560e-09
 3.72596762e+03 5.49878560e-09
 3.72598762e+03 5.49878560e-09
 3.72600762e+03 5.49878560e-09
 3.72602762e+03 5.49878560e-09
 3.72604762e+03 5.49878560e-09
 3.72606762e+03 5.49878560e-09
 3.72608762e+03 5.49878560e-09
 3.72610762e+03 5.49878560e-09
 3.72612762e+03 5.49878560e-09
 3.72614762e+03 5.49878560e-09
 3.72616762e+03 5.49878560e-09
 3.72618762e+03 5.49878560e-09
 3.72620762e+03 5.49878560e-09
 3.72622762e+03 5.49878560e-09
 3.72624762e+03 5.49878560e-09
 3.72626762e+03 5.49878560e-09
 3.72628762e+03 5.49878560e-09
 3.72630762e+03 5.49878560e-09
 3.72632762e+03 5.49878560e-09
 3.72634762e+03 5.49878560e-09
 3.72636762e+03 5.49878560e-09
 3.72638762e+03 5.49878560e-09
 3.72640762e+03 5.49878560e-09
 3.72642762e+03 5.49878560e-09
 3.72644762e+03 5.49878560e-09
 3.72646762e+03 5.49878560e-09
 3.72648762e+03 5.49878560e-09
 3.72650762e+03 5.49878560e-09
 3.72652762e+03 5.49878560e-09
 3.72654762e+03 5.49878560e-09
 3.72656762e+03 5.49878560e-09
 3.72658762e+03 5.49878560e-09
 3.72660762e+03 5.49878560e-09
 3.72662762e+03 5.49878560e-09
 3.72664762e+03 5.49878560e-09
 3.72666762e+03 5.49878560e-09
 3.72668762e+03 5.49878560e-09
 3.72670762e+03 5.49878560e-09
 3.72672762e+03 5.49878560e-09
 3.72674762e+03 5.49878560e-09
 3.72676762e+03 5.49878560e-09
 3.72678762e+03 5.49878560e-09
 3.72680762e+03 5.49878560e-09
 3.72682762e+03 5.49878560e-09
 3.72684762e+03 5.49878560e-09
 3.72686762e+03 5.49878560e-09
 3.72688762e+03 5.49878560e-09
 3.72690762e+03 5.49878560e-09
 3.72692762e+03 5.49878560e-09
 3.72694762e+03 3.18179242e-06
 3.72696762e+03 1.42933192e-03
 3.72698762e+03 1.44087840e-03
 3.72700762e+03 1.45256537e-03
 3.72702762e+03 1.46439510e-03
 3.72704762e+03 1.47636994e-03
 3.72706762e+03 1.48849227e-03
 3.72708762e+03 1.50076451e-03
 3.72710762e+03 1.51318914e-03
 3.72712762e+03 1.52576872e-03
 3.72714762e+03 3.45025616e-03
 3.72716762e+03 5.39829685e-03
 3.72718762e+03 5.44249607e-03
 3.72720762e+03 5.48724052e-03
 3.72722762e+03 5.53253918e-03
 3.72724762e+03 5.57840131e-03
 3.72726762e+03 5.62483630e-03
 3.72728762e+03 5.67185361e-03
 3.72730762e+03 5.71946314e-03
 3.72732762e+03 5.76767490e-03
 3.72734762e+03 5.81649894e-03
 3.72736762e+03 5.86594584e-03
 3.72738762e+03 5.91602619e-03
 3.72740762e+03 5.96675084e-03
 3.72742762e+03 6.01813089e-03
 3.72744762e+03 6.07017766e-03
 3.72746762e+03 6.12290282e-03
 3.72748762e+03 6.17631814e-03
 3.72750762e+03 6.23043576e-03
 3.72752762e+03 6.28526805e-03
 3.72754762e+03 6.34082767e-03
 3.72756762e+03 6.39712748e-03
 3.72758762e+03 6.45418074e-03
 3.72760762e+03 6.51200096e-03
 3.72762762e+03 6.57060196e-03
 3.72764762e+03 6.62999786e-03
 3.72766762e+03 6.69020308e-03
 3.72768762e+03 6.75123239e-03
 3.72770762e+03 6.81310099e-03
 3.72772762e+03 6.87582426e-03
 3.72774762e+03 6.93941805e-03
 3.72776762e+03 7.00389851e-03
 3.72778762e+03 7.06928232e-03
 3.72780762e+03 7.13558629e-03
 3.72782762e+03 7.20282791e-03
 3.72784762e+03 7.27102484e-03
 3.72786762e+03 7.34019533e-03
 3.72788762e+03 7.41035802e-03
 3.72790762e+03 7.48153194e-03
 3.72792762e+03 7.55373666e-03
 3.72794762e+03 7.62699219e-03
 3.72796762e+03 7.70131895e-03
 3.72798762e+03 7.77673809e-03
 3.72800762e+03 7.85327101e-03
 3.72802762e+03 7.93093977e-03
 3.72804762e+03 8.00976700e-03
 3.72806762e+03 8.08977587e-03
 3.72808762e+03 8.17099008e-03
 3.72810762e+03 8.25343403e-03
 3.72812762e+03 8.33713264e-03
 3.72814762e+03 8.42211159e-03
 3.72816762e+03 8.50839705e-03
 3.72818762e+03 8.59601596e-03
 3.72820762e+03 8.68499599e-03
 3.72822762e+03 8.77536545e-03
 3.72824762e+03 8.86715349e-03
 3.72826762e+03 8.96038996e-03
 3.72828762e+03 9.05510545e-03
 3.72830762e+03 9.15133150e-03
 3.72832762e+03 9.24910040e-03
 3.72834762e+03 9.34844531e-03
 3.72836762e+03 9.44940027e-03
 3.72838762e+03 9.55200035e-03
 3.72840762e+03 9.65628152e-03
 3.72842762e+03 9.76228062e-03
 3.72844762e+03 9.87003570e-03
 3.72846762e+03 9.97958575e-03
 3.72848762e+03 1.00909709e-02
 3.72850762e+03 1.02042324e-02
 3.72852762e+03 1.03194126e-02
 3.72854762e+03 1.04365552e-02
 3.72856762e+03 1.05557050e-02
 3.72858762e+03 1.06769081e-02
 3.72860762e+03 1.08002121e-02
 3.72862762e+03 1.09256658e-02
 3.72864762e+03 1.10533195e-02
 3.72866762e+03 1.11832249e-02
 3.72868762e+03 1.13154354e-02
 3.72870762e+03 1.14500059e-02
 3.72872762e+03 1.15869929e-02
 3.72874762e+03 1.17264546e-02
 3.72876762e+03 1.18684512e-02
 3.72878762e+03 1.20130443e-02
 3.72880762e+03 1.21602978e-02
 3.72882762e+03 1.23102773e-02
 3.72884762e+03 1.24630507e-02
 3.72886762e+03 1.26186877e-02
 3.72888762e+03 1.27772605e-02
 3.72890762e+03 1.29388434e-02
 3.72892762e+03 1.31035132e-02
 3.72894762e+03 1.32713489e-02
 3.72896762e+03 1.34424325e-02
 3.72898762e+03 1.36168482e-02
 3.72900762e+03 1.37946832e-02
 3.72902762e+03 1.39760277e-02
 3.72904762e+03 1.41609745e-02
 3.72906762e+03 1.43496200e-02
 3.72908762e+03 1.45420632e-02
 3.72910762e+03 1.47384071e-02
 3.72912762e+03 1.49387578e-02
 3.72914762e+03 1.51432253e-02
 3.72916762e+03 1.53519230e-02
 3.72918762e+03 1.55649688e-02
 3.72920762e+03 1.57824842e-02
 3.72922762e+03 1.60045953e-02
 3.72924762e+03 1.62314327e-02
 3.72926762e+03 1.64631314e-02
 3.72928762e+03 1.66998316e-02
 3.72930762e+03 1.69416783e-02
 3.72932762e+03 1.71888221e-02
 3.72934762e+03 1.74414187e-02
 3.72936762e+03 1.76996302e-02
 3.72938762e+03 1.79636242e-02
 3.72940762e+03 1.82335749e-02
 3.72942762e+03 1.85096630e-02
 3.72944762e+03 1.87920763e-02
 3.72946762e+03 1.90810096e-02
 3.72948762e+03 1.93766653e-02
 3.72950762e+03 1.96792539e-02
 3.72952762e+03 1.99889943e-02
 3.72954762e+03 2.03061136e-02
 3.72956762e+03 2.06308485e-02
 3.72958762e+03 2.09634451e-02
 3.72960762e+03 2.13041595e-02
 3.72962762e+03 2.16532584e-02
 3.72964762e+03 2.20110195e-02
 3.72966762e+03 2.23777322e-02
 3.72968762e+03 2.27536980e-02
 3.72970762e+03 2.31392313e-02
 3.72972762e+03 2.35346598e-02
 3.72974762e+03 2.39403257e-02
 3.72976762e+03 2.43565858e-02
 3.72978762e+03 2.47838127e-02
 3.72980762e+03 2.52223959e-02
 3.72982762e+03 2.56727419e-02
 3.72984762e+03 2.61352758e-02
 3.72986762e+03 2.66104420e-02
 3.72988762e+03 2.70987055e-02
 3.72990762e+03 2.76005529e-02
 3.72992762e+03 2.81164936e-02
 3.72994762e+03 2.86470611e-02
 3.72996762e+03 2.91928145e-02
 3.72998762e+03 2.97543401e-02
 3.73000762e+03 3.03322525e-02
 3.73002762e+03 3.09271966e-02
 3.73004762e+03 3.15398498e-02
 3.73006762e+03 3.21709230e-02
 3.73008762e+03 3.28211637e-02
 3.73010762e+03 3.34913576e-02
 3.73012762e+03 3.41823310e-02
 3.73014762e+03 3.73323492e-02
 3.73016762e+03 3.80872269e-02
 3.73018762e+03 3.88658743e-02
 3.73020762e+03 3.96693124e-02
 3.73022762e+03 4.04986180e-02
 3.73024762e+03 4.13549274e-02
 3.73026762e+03 4.74808223e-02
 3.73028762e+03 4.84371473e-02
 3.73030762e+03 4.94247986e-02
 3.73032762e+03 5.04452022e-02
 3.73034762e+03 5.14998671e-02
 3.73036762e+03 5.25903916e-02
 3.73038762e+03 5.37184694e-02
 3.73040762e+03 5.48858964e-02
 3.73042762e+03 5.60945790e-02
 3.73044762e+03 5.73465419e-02
 3.73046762e+03 5.86439370e-02
 3.73048762e+03 5.99890526e-02
 3.73050762e+03 6.13843260e-02
 3.73052762e+03 6.28323531e-02
 3.73054762e+03 6.43359020e-02
 3.73056762e+03 6.58979278e-02
 3.73058762e+03 6.75215855e-02
 3.73060762e+03 6.92102505e-02
 3.73062762e+03 7.09675332e-02
 3.73064762e+03 7.27973024e-02
 3.73066762e+03 7.47037056e-02
 3.73068762e+03 7.66911954e-02
 3.73070762e+03 7.87645565e-02
 3.73072762e+03 8.09289341e-02
 3.73074762e+03 8.31898714e-02
 3.73076762e+03 8.55533424e-02
 3.73078762e+03 8.80257971e-02
 3.73080762e+03 9.06142064e-02
 3.73082762e+03 9.33261128e-02
 3.73084762e+03 9.61696905e-02
 3.73086762e+03 9.91538066e-02
 3.73088762e+03 1.02288098e-01
 3.73090762e+03 1.05583052e-01
 3.73092762e+03 1.09050093e-01
 3.73094762e+03 1.12701696e-01
 3.73096762e+03 1.16551498e-01
 3.73098762e+03 1.20614433e-01
 3.73100762e+03 1.24906885e-01
 3.73102762e+03 1.29446863e-01
 3.73104762e+03 1.34254196e-01
 3.73106762e+03 1.39350764e-01
 3.73108762e+03 1.44760761e-01
 3.73110762e+03 1.50510992e-01
 3.73112762e+03 1.56631229e-01
 3.73114762e+03 1.63154614e-01
 3.73116762e+03 1.70118132e-01
 3.73118762e+03 1.77563169e-01
 3.73120762e+03 1.85536154e-01
 3.73122762e+03 1.94089333e-01
 3.73124762e+03 2.03281671e-01
 3.73126762e+03 2.13179931e-01
 3.73128762e+03 2.23859959e-01
 3.73130762e+03 2.35408233e-01
 3.73132762e+03 2.47923723e-01
 3.73134762e+03 2.61520159e-01
 3.73136762e+03 2.76328785e-01
 3.73138762e+03 2.92501757e-01
 3.73140762e+03 3.10216333e-01
 3.73142762e+03 3.29680101e-01
 3.73144762e+03 3.51137536e-01
 3.73146762e+03 3.74878297e-01
 3.73148762e+03 4.01247826e-01
 3.73150762e+03 4.30661006e-01
 3.73152762e+03 4.63619943e-01
 3.73154762e+03 5.00737370e-01
 3.73156762e+03 5.42767818e-01
 3.73158762e+03 5.90649658e-01
 3.73160762e+03 6.45562576e-01
 3.73162762e+03 7.09007394e-01
 3.73164762e+03 7.82918688e-01
 3.73166762e+03 8.69826599e-01
 3.73168762e+03 9.73093930e-01
 3.73170762e+03 1.09727107e+00
 3.73172762e+03 1.24863992e+00
 3.73174762e+03 1.43606898e+00
 3.73176762e+03 1.67239079e+00
 3.73178762e+03 1.97666022e+00
 3.73180762e+03 2.37786397e+00
 3.73182762e+03 2.92085467e+00
 3.73184762e+03 3.67501976e+00
 3.73186762e+03 4.74319191e+00
 3.73188762e+03 6.25306903e+00
 3.73190762e+03 8.25992479e+00
 3.73192762e+03 1.04196636e+01
 3.73194762e+03 1.16911926e+01
 3.73196762e+03 1.13482566e+01
 3.73198762e+03 1.02171298e+01
 3.73200762e+03 9.45408276e+00
 3.73202762e+03 9.56059280e+00
 3.73204762e+03 1.07096471e+01
 3.73206762e+03 1.30737882e+01
 3.73208762e+03 1.67798707e+01
 3.73210762e+03 2.13428037e+01
 3.73212762e+03 2.47972728e+01
 3.73214762e+03 2.46326164e+01
 3.73216762e+03 2.08275560e+01
 3.73218762e+03 1.58536183e+01
 3.73220762e+03 1.16312462e+01
 3.73222762e+03 8.57791445e+00
 3.73224762e+03 6.46701688e+00
 3.73226762e+03 5.00398495e+00
 3.73228762e+03 3.96938644e+00
 3.73230762e+03 3.21899225e+00
 3.73232762e+03 2.66073264e+00
 3.73234762e+03 2.23558347e+00
 3.73236762e+03 1.90500679e+00
 3.73238762e+03 1.64323192e+00
 3.73240762e+03 1.43259231e+00
 3.73242762e+03 1.26068974e+00
 3.73244762e+03 1.11863597e+00
 3.73246762e+03 9.99935652e-01
 3.73248762e+03 8.99759194e-01
 3.73250762e+03 8.14458903e-01
 3.73252762e+03 7.41240241e-01
 3.73254762e+03 6.77934345e-01
 3.73256762e+03 6.22837882e-01
 3.73258762e+03 5.74598477e-01
 3.73260762e+03 5.32131642e-01
 3.73262762e+03 4.94559628e-01
 3.73264762e+03 4.61165942e-01
 3.73266762e+03 4.31361090e-01
 3.73268762e+03 4.04656508e-01
 3.73270762e+03 3.80644518e-01
 3.73272762e+03 3.58982789e-01
 3.73274762e+03 3.39382159e-01
 3.73276762e+03 3.21597038e-01
 3.73278762e+03 3.05417765e-01
 3.73280762e+03 2.90664492e-01
 3.73282762e+03 2.77182245e-01
 3.73284762e+03 2.64836922e-01
 3.73286762e+03 2.53512016e-01
 3.73288762e+03 2.43105931e-01
 3.73290762e+03 2.33529762e-01
 3.73292762e+03 2.24705449e-01
 3.73294762e+03 2.16564248e-01
 3.73296762e+03 2.09045438e-01
 3.73298762e+03 2.02095243e-01
 3.73300762e+03 1.95665910e-01
 3.73302762e+03 1.89714940e-01
 3.73304762e+03 1.84204425e-01
 3.73306762e+03 1.79100481e-01
 3.73308762e+03 1.74372769e-01
 3.73310762e+03 1.69994074e-01
 3.73312762e+03 1.65939949e-01
 3.73314762e+03 1.62188405e-01
 3.73316762e+03 1.58719642e-01
 3.73318762e+03 1.55515812e-01
 3.73320762e+03 1.52560820e-01
 3.73322762e+03 1.49840143e-01
 3.73324762e+03 1.47340676e-01
 3.73326762e+03 1.48257031e-01
 3.73328762e+03 1.49377126e-01
 3.73330762e+03 1.50712847e-01
 3.73332762e+03 1.49069408e-01
 3.73334762e+03 1.47599649e-01
 3.73336762e+03 1.46296643e-01
 3.73338762e+03 1.45154215e-01
 3.73340762e+03 1.44166885e-01
 3.73342762e+03 1.43329822e-01
 3.73344762e+03 1.42638803e-01
 3.73346762e+03 1.42090173e-01
 3.73348762e+03 1.41680820e-01
 3.73350762e+03 1.41408142e-01
 3.73352762e+03 1.41270033e-01
 3.73354762e+03 1.41264854e-01
 3.73356762e+03 1.41391427e-01
 3.73358762e+03 1.41649019e-01
 3.73360762e+03 1.42037337e-01
 3.73362762e+03 1.42556520e-01
 3.73364762e+03 1.43207140e-01
 3.73366762e+03 1.43990201e-01
 3.73368762e+03 1.44907146e-01
 3.73370762e+03 1.45959861e-01
 3.73372762e+03 1.47150688e-01
 3.73374762e+03 1.48482437e-01
 3.73376762e+03 1.49958405e-01
 3.73378762e+03 1.51582396e-01
 3.73380762e+03 1.53358746e-01
 3.73382762e+03 1.55292349e-01
 3.73384762e+03 1.57388694e-01
 3.73386762e+03 1.59653900e-01
 3.73388762e+03 1.62094764e-01
 3.73390762e+03 1.64718802e-01
 3.73392762e+03 1.67534315e-01
 3.73394762e+03 1.70550444e-01
 3.73396762e+03 1.73777244e-01
 3.73398762e+03 1.77225769e-01
 3.73400762e+03 1.80908155e-01
 3.73402762e+03 1.84837729e-01
 3.73404762e+03 1.89029122e-01
 3.73406762e+03 1.93498402e-01
 3.73408762e+03 1.98263220e-01
 3.73410762e+03 2.03342981e-01
 3.73412762e+03 2.08759036e-01
 3.73414762e+03 2.14534896e-01
 3.73416762e+03 2.20696484e-01
 3.73418762e+03 2.27272418e-01
 3.73420762e+03 2.34294332e-01
 3.73422762e+03 2.41797255e-01
 3.73424762e+03 2.49820034e-01
 3.73426762e+03 2.58405834e-01
 3.73428762e+03 2.67602705e-01
 3.73430762e+03 2.77464252e-01
 3.73432762e+03 2.88050411e-01
 3.73434762e+03 2.99428343e-01
 3.73436762e+03 3.11673509e-01
 3.73438762e+03 3.24870909e-01
 3.73440762e+03 3.39116560e-01
 3.73442762e+03 3.54519251e-01
 3.73444762e+03 3.71202622e-01
 3.73446762e+03 3.89307668e-01
 3.73448762e+03 4.08995739e-01
 3.73450762e+03 4.30452179e-01
 3.73452762e+03 4.53890737e-01
 3.73454762e+03 4.79558975e-01
 3.73456762e+03 5.07744911e-01
 3.73458762e+03 5.38785249e-01
 3.73460762e+03 5.73075643e-01
 3.73462762e+03 6.11083607e-01
 3.73464762e+03 6.53364809e-01
 3.73466762e+03 7.00583980e-01
 3.73468762e+03 7.53541773e-01
 3.73470762e+03 8.13209744e-01
 3.73472762e+03 8.80776424e-01
 3.73474762e+03 9.57708504e-01
 3.73476762e+03 1.04583329e+00
 3.73478762e+03 1.14745122e+00
 3.73480762e+03 1.26549155e+00
 3.73482762e+03 1.40373144e+00
 3.73484762e+03 1.56710944e+00
 3.73486762e+03 1.76218256e+00
 3.73488762e+03 1.99780708e+00
 3.73490762e+03 2.28617587e+00
 3.73492762e+03 2.64443929e+00
 3.73494762e+03 3.09730217e+00
 3.73496762e+03 3.68126629e+00
 3.73498762e+03 4.45159832e+00
 3.73500762e+03 5.49354194e+00
 3.73502762e+03 6.93902126e+00
 3.73504762e+03 8.98528984e+00
 3.73506762e+03 1.18861966e+01
 3.73508762e+03 1.57925263e+01
 3.73510762e+03 2.01836921e+01
 3.73512762e+03 2.33264711e+01
 3.73514762e+03 2.40908336e+01
 3.73516762e+03 2.42136659e+01
 3.73518762e+03 2.60401120e+01
 3.73520762e+03 3.03791516e+01
 3.73522762e+03 3.58129474e+01
 3.73524762e+03 3.80619488e+01
 3.73526762e+03 3.39973613e+01
 3.73528762e+03 2.64661964e+01
 3.73530762e+03 1.94640668e+01
 3.73532762e+03 1.42755231e+01
 3.73534762e+03 1.06805520e+01
 3.73536762e+03 8.20190095e+00
 3.73538762e+03 6.46197972e+00
 3.73540762e+03 5.20949041e+00
 3.73542762e+03 4.28412694e+00
 3.73544762e+03 3.58368973e+00
 3.73546762e+03 3.04194099e+00
 3.73548762e+03 2.61492227e+00
 3.73550762e+03 2.27270991e+00
 3.73552762e+03 1.99443419e+00
 3.73554762e+03 1.76521537e+00
 3.73556762e+03 1.57423209e+00
 3.73558762e+03 1.41347278e+00
 3.73560762e+03 1.27690981e+00
 3.73562762e+03 1.15994136e+00
 3.73564762e+03 1.05900725e+00
 3.73566762e+03 9.71319477e-01
 3.73568762e+03 8.94670420e-01
 3.73570762e+03 8.27294070e-01
 3.73572762e+03 7.67764360e-01
 3.73574762e+03 7.14919688e-01
 3.73576762e+03 6.67806275e-01
 3.73578762e+03 6.25635104e-01
 3.73580762e+03 5.87748977e-01
 3.73582762e+03 5.53596949e-01
 3.73584762e+03 5.22714394e-01
 3.73586762e+03 4.94707286e-01
 3.73588762e+03 4.69239732e-01
 3.73590762e+03 4.46023990e-01
 3.73592762e+03 4.24812440e-01
 3.73594762e+03 4.05391071e-01
 3.73596762e+03 3.87574174e-01
 3.73598762e+03 3.71199987e-01
 3.73600762e+03 3.56127100e-01
 3.73602762e+03 3.42231483e-01
 3.73604762e+03 3.29404003e-01
 3.73606762e+03 3.17548351e-01
 3.73608762e+03 3.06579299e-01
 3.73610762e+03 2.96421227e-01
 3.73612762e+03 2.87006873e-01
 3.73614762e+03 2.78276278e-01
 3.73616762e+03 2.70175879e-01
 3.73618762e+03 2.62657731e-01
 3.73620762e+03 2.55678845e-01
 3.73622762e+03 2.49200613e-01
 3.73624762e+03 2.43188308e-01
 3.73626762e+03 2.44824362e-01
 3.73628762e+03 2.39711460e-01
 3.73630762e+03 2.38726741e-01
 3.73632762e+03 2.34384656e-01
 3.73634762e+03 2.30381023e-01
 3.73636762e+03 2.26697137e-01
 3.73638762e+03 2.23316112e-01
 3.73640762e+03 2.20222716e-01
 3.73642762e+03 2.17403220e-01
 3.73644762e+03 2.14845274e-01
 3.73646762e+03 2.12537789e-01
 3.73648762e+03 2.10470842e-01
 3.73650762e+03 2.08635587e-01
 3.73652762e+03 2.07024177e-01
 3.73654762e+03 2.05629698e-01
 3.73656762e+03 2.04446113e-01
 3.73658762e+03 2.03468210e-01
 3.73660762e+03 2.02691560e-01
 3.73662762e+03 2.02112478e-01
 3.73664762e+03 2.01727998e-01
 3.73666762e+03 2.01535841e-01
 3.73668762e+03 2.01534405e-01
 3.73670762e+03 2.01722741e-01
 3.73672762e+03 2.02100551e-01
 3.73674762e+03 2.02668179e-01
 3.73676762e+03 2.03426614e-01
 3.73678762e+03 2.04377492e-01
 3.73680762e+03 2.05523105e-01
 3.73682762e+03 2.06866420e-01
 3.73684762e+03 2.08411091e-01
 3.73686762e+03 2.10161489e-01
 3.73688762e+03 2.12122726e-01
 3.73690762e+03 2.14300698e-01
 3.73692762e+03 2.16698967e-01
 3.73694762e+03 2.17916701e-01
 3.73696762e+03 2.20799962e-01
 3.73698762e+03 2.23932126e-01
 3.73700762e+03 2.27323754e-01
 3.73702762e+03 2.30986547e-01
 3.73704762e+03 2.34933450e-01
 3.73706762e+03 2.39178745e-01
 3.73708762e+03 2.43738185e-01
 3.73710762e+03 2.48629114e-01
 3.73712762e+03 2.51974146e-01
 3.73714762e+03 2.55697992e-01
 3.73716762e+03 2.61735955e-01
 3.73718762e+03 2.68193845e-01
 3.73720762e+03 2.75099778e-01
 3.73722762e+03 2.82484761e-01
 3.73724762e+03 2.90383030e-01
 3.73726762e+03 2.98832418e-01
 3.73728762e+03 3.07874801e-01
 3.73730762e+03 3.17556580e-01
 3.73732762e+03 3.27929265e-01
 3.73734762e+03 3.39050127e-01
 3.73736762e+03 3.50982960e-01
 3.73738762e+03 3.63798973e-01
 3.73740762e+03 3.77577809e-01
 3.73742762e+03 3.92408757e-01
 3.73744762e+03 4.08392149e-01
 3.73746762e+03 4.25641025e-01
 3.73748762e+03 4.44283077e-01
 3.73750762e+03 4.64462963e-01
 3.73752762e+03 4.86345061e-01
 3.73754762e+03 5.10116748e-01
 3.73756762e+03 5.35992347e-01
 3.73758762e+03 5.64217875e-01
 3.73760762e+03 5.95076796e-01
 3.73762762e+03 6.28897060e-01
 3.73764762e+03 6.66059662e-01
 3.73766762e+03 7.07009262e-01
 3.73768762e+03 7.52267314e-01
 3.73770762e+03 8.02448467e-01
 3.73772762e+03 8.58281178e-01
 3.73774762e+03 9.20633871e-01
 3.73776762e+03 9.90548313e-01
 3.73778762e+03 1.06928261e+00
 3.73780762e+03 1.15836720e+00
 3.73782762e+03 1.25967828e+00
 3.73784762e+03 1.37553533e+00
 3.73786762e+03 1.50883200e+00
 3.73788762e+03 1.66321386e+00
 3.73790762e+03 1.84332306e+00
 3.73792762e+03 2.05513981e+00
 3.73794762e+03 2.30646637e+00
 3.73796762e+03 2.60762483e+00
 3.73798762e+03 2.97248139e+00
 3.73800762e+03 3.41998078e+00
 3.73802762e+03 3.97649589e+00
 3.73804762e+03 4.67951347e+00
 3.73806762e+03 5.58356280e+00
 3.73808762e+03 6.76996698e+00
 3.73810762e+03 8.36308102e+00
 3.73812762e+03 1.05571235e+01
 3.73814762e+03 1.36584349e+01
 3.73816762e+03 1.81418646e+01
 3.73818762e+03 2.46788478e+01
 3.73820762e+03 3.39251855e+01
 3.73822762e+03 4.54966118e+01
 3.73824762e+03 5.61519319e+01
 3.73826762e+03 6.05978226e+01
 3.73828762e+03 5.62086722e+01
 3.73830762e+03 4.55495688e+01
 3.73832762e+03 3.39482905e+01
 3.73834762e+03 2.46828374e+01
 3.73836762e+03 1.81387336e+01
 3.73838762e+03 1.36538862e+01
 3.73840762e+03 1.05532043e+01
 3.73842762e+03 8.36033878e+00
 3.73844762e+03 6.76841775e+00
 3.73846762e+03 5.58307126e+00
 3.73848762e+03 4.67992782e+00
 3.73850762e+03 3.97768649e+00
 3.73852762e+03 3.42184556e+00
 3.73854762e+03 2.97494201e+00
 3.73856762e+03 2.61062166e+00
 3.73858762e+03 2.30995406e+00
 3.73860762e+03 2.05908391e+00
 3.73862762e+03 1.84769745e+00
 3.73864762e+03 1.66799876e+00
 3.73866762e+03 1.51401258e+00
 3.73868762e+03 1.38110059e+00
 3.73870762e+03 1.26562025e+00
 3.73872762e+03 1.16468034e+00
 3.73874762e+03 1.07596333e+00
 3.73876762e+03 9.97594643e-01
 3.73878762e+03 9.28045173e-01
 3.73880762e+03 8.66057929e-01
 3.73882762e+03 8.10592119e-01
 3.73884762e+03 7.60780160e-01
 3.73886762e+03 7.15894332e-01
 3.73888762e+03 6.75320651e-01
 3.73890762e+03 6.38538285e-01
 3.73892762e+03 6.05103144e-01
 3.73894762e+03 5.74634758e-01
 3.73896762e+03 5.46805705e-01
 3.73898762e+03 5.21333006e-01
 3.73900762e+03 4.97971131e-01
 3.73902762e+03 4.76506240e-01
 3.73904762e+03 4.56751432e-01
 3.73906762e+03 4.38542812e-01
 3.73908762e+03 4.21736206e-01
 3.73910762e+03 4.06204417e-01
 3.73912762e+03 3.91834912e-01
 3.73914762e+03 3.78527876e-01
 3.73916762e+03 3.73985475e-01
 3.73918762e+03 3.62609716e-01
 3.73920762e+03 3.52058715e-01
 3.73922762e+03 3.42269282e-01
 3.73924762e+03 3.33184780e-01
 3.73926762e+03 3.28864255e-01
 3.73928762e+03 3.21075404e-01
 3.73930762e+03 3.13854175e-01
 3.73932762e+03 3.07163493e-01
 3.73934762e+03 3.00969924e-01
 3.73936762e+03 2.95243299e-01
 3.73938762e+03 2.89956386e-01
 3.73940762e+03 2.85084602e-01
 3.73942762e+03 2.80605765e-01
 3.73944762e+03 2.76499870e-01
 3.73946762e+03 2.72748896e-01
 3.73948762e+03 2.69336638e-01
 3.73950762e+03 2.66248555e-01
 3.73952762e+03 2.63471641e-01
 3.73954762e+03 2.60994309e-01
 3.73956762e+03 2.58806292e-01
 3.73958762e+03 2.56898552e-01
 3.73960762e+03 2.55263209e-01
 3.73962762e+03 2.53893472e-01
 3.73964762e+03 2.52783585e-01
 3.73966762e+03 2.51928779e-01
 3.73968762e+03 2.51325234e-01
 3.73970762e+03 2.50970049e-01
 3.73972762e+03 2.50861214e-01
 3.73974762e+03 2.50997597e-01
 3.73976762e+03 2.51378933e-01
 3.73978762e+03 2.52005818e-01
 3.73980762e+03 2.52879713e-01
 3.73982762e+03 2.54002954e-01
 3.73984762e+03 2.55378764e-01
 3.73986762e+03 2.57011280e-01
 3.73988762e+03 2.58905577e-01
 3.73990762e+03 2.61067710e-01
 3.73992762e+03 2.63504755e-01
 3.73994762e+03 2.66224862e-01
 3.73996762e+03 2.69237319e-01
 3.73998762e+03 2.72552624e-01
 3.74000762e+03 2.76182564e-01
 3.74002762e+03 2.80140315e-01
 3.74004762e+03 2.84440549e-01
 3.74006762e+03 2.89099556e-01
 3.74008762e+03 2.94135386e-01
 3.74010762e+03 2.99568008e-01
 3.74012762e+03 3.03001551e-01
 3.74014762e+03 3.09315496e-01
 3.74016762e+03 3.16099367e-01
 3.74018762e+03 3.23382889e-01
 3.74020762e+03 3.31198897e-01
 3.74022762e+03 3.39583679e-01
 3.74024762e+03 3.43377824e-01
 3.74026762e+03 3.53066198e-01
 3.74028762e+03 3.63456678e-01
 3.74030762e+03 3.74603936e-01
 3.74032762e+03 3.86568739e-01
 3.74034762e+03 3.99418738e-01
 3.74036762e+03 4.13229392e-01
 3.74038762e+03 4.28085023e-01
 3.74040762e+03 4.44080063e-01
 3.74042762e+03 4.61320498e-01
 3.74044762e+03 4.79925574e-01
 3.74046762e+03 5.00029793e-01
 3.74048762e+03 5.21785278e-01
 3.74050762e+03 5.45364584e-01
 3.74052762e+03 5.70964033e-01
 3.74054762e+03 5.98807705e-01
 3.74056762e+03 6.29152281e-01
 3.74058762e+03 6.62292785e-01
 3.74060762e+03 6.98569693e-01
 3.74062762e+03 7.38377502e-01
 3.74064762e+03 7.82175313e-01
 3.74066762e+03 8.30499862e-01
 3.74068762e+03 8.83981754e-01
 3.74070762e+03 9.43365790e-01
 3.74072762e+03 1.00953655e+00
 3.74074762e+03 1.08355096e+00
 3.74076762e+03 1.16668002e+00
 3.74078762e+03 1.26046274e+00
 3.74080762e+03 1.36677654e+00
 3.74082762e+03 1.48793010e+00
 3.74084762e+03 1.62678714e+00
 3.74086762e+03 1.78693327e+00
 3.74088762e+03 1.97290386e+00
 3.74090762e+03 2.19049932e+00
 3.74092762e+03 2.44722784e+00
 3.74094762e+03 2.75293718e+00
 3.74096762e+03 3.12073193e+00
 3.74098762e+03 3.56833116e+00
 3.74100762e+03 4.12012015e+00
 3.74102762e+03 4.81032352e+00
 3.74104762e+03 5.68803835e+00
 3.74106762e+03 6.82542927e+00
 3.74108762e+03 8.33137140e+00
 3.74110762e+03 1.03743835e+01
 3.74112762e+03 1.32206368e+01
 3.74114762e+03 1.72931185e+01
 3.74116762e+03 2.32452729e+01
 3.74118762e+03 3.19637335e+01
 3.74120762e+03 4.40987943e+01
 3.74122762e+03 5.81557691e+01
 3.74124762e+03 6.81605609e+01
 3.74126762e+03 6.85293441e+01
 3.74128762e+03 6.07018619e+01
 3.74130762e+03 4.84624392e+01
 3.74132762e+03 3.60477445e+01
 3.74134762e+03 2.62661102e+01
 3.74136762e+03 1.93769124e+01
 3.74138762e+03 1.46519253e+01
 3.74140762e+03 1.13765456e+01
 3.74142762e+03 9.05176169e+00
 3.74144762e+03 7.35740653e+00
 3.74146762e+03 6.09083567e+00
 3.74148762e+03 5.12220729e+00
 3.74150762e+03 4.36643212e+00
 3.74152762e+03 3.76629806e+00
 3.74154762e+03 3.28235623e+00
 3.74156762e+03 2.88676966e+00
 3.74158762e+03 2.55948290e+00
 3.74160762e+03 2.28577501e+00
 3.74162762e+03 2.05465780e+00
 3.74164762e+03 1.85780395e+00
 3.74166762e+03 1.68881507e+00
 3.74168762e+03 1.54271281e+00
 3.74170762e+03 1.41557888e+00
 3.74172762e+03 1.30429663e+00
 3.74174762e+03 1.20636288e+00
 3.74176762e+03 1.11974903e+00
 3.74178762e+03 1.04279744e+00
 3.74180762e+03 9.74143153e-01
 3.74182762e+03 9.12654209e-01
 3.74184762e+03 8.57385624e-01
 3.74186762e+03 8.07543652e-01
 3.74188762e+03 7.62457735e-01
 3.74190762e+03 7.21558328e-01
 3.74192762e+03 6.84359242e-01
 3.74194762e+03 6.50443496e-01
 3.74196762e+03 6.19451868e-01
 3.74198762e+03 5.95080722e-01
 3.74200762e+03 5.73083782e-01
 3.74202762e+03 5.49222430e-01
 3.74204762e+03 5.27264391e-01
 3.74206762e+03 5.07029129e-01
 3.74208762e+03 4.88357732e-01
 3.74210762e+03 4.71109929e-01
 3.74212762e+03 4.55161561e-01
 3.74214762e+03 4.40402462e-01
 3.74216762e+03 4.31007897e-01
 3.74218762e+03 4.18378559e-01
 3.74220762e+03 4.06675597e-01
 3.74222762e+03 3.95829235e-01
 3.74224762e+03 3.85776940e-01
 3.74226762e+03 3.76462597e-01
 3.74228762e+03 3.67835779e-01
 3.74230762e+03 3.59851133e-01
 3.74232762e+03 3.52467832e-01
 3.74234762e+03 3.45649104e-01
 3.74236762e+03 3.39361826e-01
 3.74238762e+03 3.33576159e-01
 3.74240762e+03 3.28265238e-01
 3.74242762e+03 3.23404897e-01
 3.74244762e+03 3.18973427e-01
 3.74246762e+03 3.14951368e-01
 3.74248762e+03 3.11321321e-01
 3.74250762e+03 3.08067790e-01
 3.74252762e+03 3.05177041e-01
 3.74254762e+03 3.02636980e-01
 3.74256762e+03 3.00437045e-01
 3.74258762e+03 2.98568118e-01
 3.74260762e+03 2.97022443e-01
 3.74262762e+03 2.95793566e-01
 3.74264762e+03 2.94876278e-01
 3.74266762e+03 2.94266571e-01
 3.74268762e+03 2.93961607e-01
 3.74270762e+03 2.93959693e-01
 3.74272762e+03 2.94260263e-01
 3.74274762e+03 2.94863879e-01
 3.74276762e+03 2.95772227e-01
 3.74278762e+03 2.96988134e-01
 3.74280762e+03 2.98515587e-01
 3.74282762e+03 3.00359763e-01
 3.74284762e+03 3.02527070e-01
 3.74286762e+03 3.05025196e-01
 3.74288762e+03 3.07863172e-01
 3.74290762e+03 3.11051444e-01
 3.74292762e+03 3.14601961e-01
 3.74294762e+03 3.18528271e-01
 3.74296762e+03 3.22845640e-01
 3.74298762e+03 3.27571188e-01
 3.74300762e+03 3.32724035e-01
 3.74302762e+03 3.38325477e-01
 3.74304762e+03 3.44399191e-01
 3.74306762e+03 3.50971455e-01
 3.74308762e+03 3.58071409e-01
 3.74310762e+03 3.65731355e-01
 3.74312762e+03 3.73987088e-01
 3.74314762e+03 3.82878287e-01
 3.74316762e+03 3.92448952e-01
 3.74318762e+03 4.02747918e-01
 3.74320762e+03 4.13829429e-01
 3.74322762e+03 4.25753817e-01
 3.74324762e+03 4.35407426e-01
 3.74326762e+03 4.46092050e-01
 3.74328762e+03 4.57869792e-01
 3.74330762e+03 4.73995144e-01
 3.74332762e+03 4.91387280e-01
 3.74334762e+03 5.10164463e-01
 3.74336762e+03 5.30459984e-01
 3.74338762e+03 5.52424459e-01
 3.74340762e+03 5.76228570e-01
 3.74342762e+03 6.02066280e-01
 3.74344762e+03 6.30158735e-01
 3.74346762e+03 6.60758905e-01
 3.74348762e+03 6.94157176e-01
 3.74350762e+03 7.30688204e-01
 3.74352762e+03 7.70739148e-01
 3.74354762e+03 8.14759896e-01
 3.74356762e+03 8.63275555e-01
 3.74358762e+03 9.16902087e-01
 3.74360762e+03 9.76365740e-01
 3.74362762e+03 1.04252758e+00
 3.74364762e+03 1.11641466e+00
 3.74366762e+03 1.19925980e+00
 3.74368762e+03 1.29255310e+00
 3.74370762e+03 1.39810909e+00
 3.74372762e+03 1.51815503e+00
 3.74374762e+03 1.65544875e+00
 3.74376762e+03 1.81343730e+00
 3.74378762e+03 1.99647346e+00
 3.74380762e+03 2.21011536e+00
 3.74382762e+03 2.46154716e+00
 3.74384762e+03 2.76017961e+00
 3.74386762e+03 3.11852264e+00
 3.74388762e+03 3.55347841e+00
 3.74390762e+03 4.08829861e+00
 3.74392762e+03 4.75561838e+00
 3.74394762e+03 5.60228319e+00
 3.74396762e+03 6.69723905e+00
 3.74398762e+03 8.14472645e+00
 3.74400762e+03 1.01065472e+01
 3.74402762e+03 1.28390250e+01
 3.74404762e+03 1.67502984e+01
 3.74406762e+03 2.24697286e+01
 3.74408762e+03 3.08366993e+01
 3.74410762e+03 4.23735072e+01
 3.74412762e+03 5.51941941e+01
 3.74414762e+03 6.26359739e+01
 3.74416762e+03 5.98156754e+01
 3.74418762e+03 5.23483726e+01
 3.74420762e+03 4.73356179e+01
 3.74422762e+03 4.57283581e+01
 3.74424762e+03 4.34538451e+01
 3.74426762e+03 3.69735825e+01
 3.74428762e+03 2.84415073e+01
 3.74430762e+03 2.11020072e+01
 3.74432762e+03 1.57764160e+01
 3.74434762e+03 1.20788058e+01
 3.74436762e+03 9.49584092e+00
 3.74438762e+03 7.64944505e+00
 3.74440762e+03 6.29339592e+00
 3.74442762e+03 5.27117984e+00
 3.74444762e+03 4.48242522e+00
 3.74446762e+03 3.86132970e+00
 3.74448762e+03 3.36359008e+00
 3.74450762e+03 2.95857668e+00
 3.74452762e+03 2.62459208e+00
 3.74454762e+03 2.34592950e+00
 3.74456762e+03 2.11099754e+00
 3.74458762e+03 1.91109317e+00
 3.74460762e+03 1.73958011e+00
 3.74462762e+03 1.59132689e+00
 3.74464762e+03 1.46231516e+00
 3.74466762e+03 1.34936181e+00
 3.74468762e+03 1.24991879e+00
 3.74470762e+03 1.16192669e+00
 3.74472762e+03 1.08370630e+00
 3.74474762e+03 1.01785916e+00
 3.74476762e+03 9.59290548e-01
 3.74478762e+03 9.03068638e-01
 3.74480762e+03 8.52341659e-01
 3.74482762e+03 8.06433822e-01
 3.74484762e+03 7.64771299e-01
 3.74486762e+03 7.26864354e-01
 3.74488762e+03 6.92292961e-01
 3.74490762e+03 6.60695251e-01
 3.74492762e+03 6.31758166e-01
 3.74494762e+03 6.05209777e-01
 3.74496762e+03 5.80813007e-01
 3.74498762e+03 5.62623205e-01
 3.74500762e+03 5.41967256e-01
 3.74502762e+03 5.22913639e-01
 3.74504762e+03 5.05320868e-01
 3.74506762e+03 4.89063707e-01
 3.74508762e+03 4.74031027e-01
 3.74510762e+03 4.60124000e-01
 3.74512762e+03 4.47254558e-01
 3.74514762e+03 4.35344074e-01
 3.74516762e+03 4.24322240e-01
 3.74518762e+03 4.14126093e-01
 3.74520762e+03 4.04699185e-01
 3.74522762e+03 3.95990863e-01
 3.74524762e+03 3.87955638e-01
 3.74526762e+03 3.80552653e-01
 3.74528762e+03 3.73745203e-01
 3.74530762e+03 3.67500334e-01
 3.74532762e+03 3.61788479e-01
 3.74534762e+03 3.56583151e-01
 3.74536762e+03 3.51860672e-01
 3.74538762e+03 3.47599931e-01
 3.74540762e+03 3.43782186e-01
 3.74542762e+03 3.40390879e-01
 3.74544762e+03 3.37411483e-01
 3.74546762e+03 3.34831371e-01
 3.74548762e+03 3.32639697e-01
 3.74550762e+03 3.30827304e-01
 3.74552762e+03 3.29386643e-01
 3.74554762e+03 3.28311704e-01
 3.74556762e+03 3.27597968e-01
 3.74558762e+03 3.27242368e-01
 3.74560762e+03 3.27243258e-01
 3.74562762e+03 3.27600407e-01
 3.74564762e+03 3.28314989e-01
 3.74566762e+03 3.29389598e-01
 3.74568762e+03 3.30828264e-01
 3.74570762e+03 3.32636495e-01
 3.74572762e+03 3.34821318e-01
 3.74574762e+03 3.37391338e-01
 3.74576762e+03 3.40356819e-01
 3.74578762e+03 3.43729770e-01
 3.74580762e+03 3.47524051e-01
 3.74582762e+03 3.51755502e-01
 3.74584762e+03 3.56442092e-01
 3.74586762e+03 3.61604081e-01
 3.74588762e+03 3.67264222e-01
 3.74590762e+03 3.73447983e-01
 3.74592762e+03 3.80183808e-01
 3.74594762e+03 3.87503409e-01
 3.74596762e+03 3.95442110e-01
 3.74598762e+03 4.04039232e-01
 3.74600762e+03 4.13338547e-01
 3.74602762e+03 4.23388787e-01
 3.74604762e+03 4.34244242e-01
 3.74606762e+03 4.45965444e-01
 3.74608762e+03 4.58619957e-01
 3.74610762e+03 4.72283301e-01
 3.74612762e+03 4.87040018e-01
 3.74614762e+03 5.02984924e-01
 3.74616762e+03 5.20224564e-01
 3.74618762e+03 5.38878928e-01
 3.74620762e+03 5.59083478e-01
 3.74622762e+03 5.80991525e-01
 3.74624762e+03 5.97620963e-01
 3.74626762e+03 6.23539011e-01
 3.74628762e+03 6.48041693e-01
 3.74630762e+03 6.78850883e-01
 3.74632762e+03 7.12518352e-01
 3.74634762e+03 7.49388441e-01
 3.74636762e+03 7.89860416e-01
 3.74638762e+03 8.34399298e-01
 3.74640762e+03 8.83549291e-01
 3.74642762e+03 9.37950498e-01
 3.74644762e+03 9.98359970e-01
 3.74646762e+03 1.06567832e+00
 3.74648762e+03 1.14098371e+00
 3.74650762e+03 1.22557564e+00
 3.74652762e+03 1.32103192e+00
 3.74654762e+03 1.42928344e+00
 3.74656762e+03 1.55271358e+00
 3.74658762e+03 1.69429174e+00
 3.74660762e+03 1.85775500e+00
 3.74662762e+03 2.04785881e+00
 3.74664762e+03 2.27072767e+00
 3.74666762e+03 2.53435422e+00
 3.74668762e+03 2.84932153e+00
 3.74670762e+03 3.22986947e+00
 3.74672762e+03 3.69550215e+00
 3.74674762e+03 4.27346880e+00
 3.74676762e+03 5.00269241e+00
 3.74678762e+03 5.94016713e+00
 3.74680762e+03 7.17165172e+00
 3.74682762e+03 8.82984219e+00
 3.74684762e+03 1.11251095e+01
 3.74686762e+03 1.43951837e+01
 3.74688762e+03 1.91736599e+01
 3.74690762e+03 2.62266733e+01
 3.74692762e+03 3.62768850e+01
 3.74694762e+03 4.85809744e+01
 3.74696762e+03 5.83799271e+01
 3.74698762e+03 5.90732629e+01
 3.74700762e+03 5.07463555e+01
 3.74702762e+03 4.01886768e+01
 3.74704762e+03 3.24111195e+01
 3.74706762e+03 2.85208059e+01
 3.74708762e+03 2.82721497e+01
 3.74710762e+03 3.11975152e+01
 3.74712762e+03 3.56636138e+01
 3.74714762e+03 3.73511478e+01
 3.74716762e+03 3.29789879e+01
 3.74718762e+03 2.54931582e+01
 3.74720762e+03 1.87981813e+01
 3.74722762e+03 1.39470969e+01
 3.74724762e+03 1.06155905e+01
 3.74726762e+03 8.31678174e+00
 3.74728762e+03 6.69138554e+00
 3.74730762e+03 5.50800629e+00
 3.74732762e+03 4.62166502e+00
 3.74734762e+03 3.94076094e+00
 3.74736762e+03 3.40606625e+00
 3.74738762e+03 2.97818387e+00
 3.74740762e+03 2.63015509e+00
 3.74742762e+03 2.34304750e+00
 3.74744762e+03 2.11097123e+00
 3.74746762e+03 1.90857184e+00
 3.74748762e+03 1.73604517e+00
 3.74750762e+03 1.58772434e+00
 3.74752762e+03 1.45924009e+00
 3.74754762e+03 1.34717821e+00
 3.74756762e+03 1.24883817e+00
 3.74758762e+03 1.16206021e+00
 3.74760762e+03 1.08509955e+00
 3.74762762e+03 1.01653353e+00
 3.74764762e+03 9.55192320e-01
 3.74766762e+03 9.00106448e-01
 3.74768762e+03 8.50466711e-01
 3.74770762e+03 8.05593195e-01
 3.74772762e+03 7.69064388e-01
 3.74774762e+03 7.32118652e-01
 3.74776762e+03 6.98458485e-01
 3.74778762e+03 6.67725212e-01
 3.74780762e+03 6.39609398e-01
 3.74782762e+03 6.13842963e-01
 3.74784762e+03 5.90192731e-01
 3.74786762e+03 5.68455146e-01
 3.74788762e+03 5.48451919e-01
 3.74790762e+03 5.30026388e-01
 3.74792762e+03 5.13040509e-01
 3.74794762e+03 4.97372315e-01
 3.74796762e+03 4.82913787e-01
 3.74798762e+03 4.69569053e-01
 3.74800762e+03 4.57252853e-01
 3.74802762e+03 4.45889247e-01
 3.74804762e+03 4.35410498e-01
 3.74806762e+03 4.25756122e-01
 3.74808762e+03 4.16872064e-01
 3.74810762e+03 4.08710005e-01
 3.74812762e+03 4.01226741e-01
 3.74814762e+03 3.94383671e-01
 3.74816762e+03 3.88146331e-01
 3.74818762e+03 3.82484009e-01
 3.74820762e+03 3.77369397e-01
 3.74822762e+03 3.72778304e-01
 3.74824762e+03 3.68689394e-01
 3.74826762e+03 3.65083971e-01
 3.74828762e+03 3.61945787e-01
 3.74830762e+03 3.59260884e-01
 3.74832762e+03 3.57017460e-01
 3.74834762e+03 3.55205750e-01
 3.74836762e+03 3.53817941e-01
 3.74838762e+03 3.52848096e-01
 3.74840762e+03 3.52292096e-01
 3.74842762e+03 3.52147610e-01
 3.74844762e+03 3.52414067e-01
 3.74846762e+03 3.53092655e-01
 3.74848762e+03 3.54186329e-01
 3.74850762e+03 3.55699844e-01
 3.74852762e+03 3.57639795e-01
 3.74854762e+03 3.60014681e-01
 3.74856762e+03 3.62834982e-01
 3.74858762e+03 3.66113268e-01
 3.74860762e+03 3.69864311e-01
 3.74862762e+03 3.74105236e-01
 3.74864762e+03 3.78855692e-01
 3.74866762e+03 3.84138053e-01
 3.74868762e+03 3.89977649e-01
 3.74870762e+03 3.96403041e-01
 3.74872762e+03 4.03446332e-01
 3.74874762e+03 4.11143530e-01
 3.74876762e+03 4.19534963e-01
 3.74878762e+03 4.28665766e-01
 3.74880762e+03 4.38586435e-01
 3.74882762e+03 4.49353473e-01
 3.74884762e+03 4.61030143e-01
 3.74886762e+03 4.73687333e-01
 3.74888762e+03 4.87404570e-01
 3.74890762e+03 5.02271209e-01
 3.74892762e+03 5.18387814e-01
 3.74894762e+03 5.35867793e-01
 3.74896762e+03 5.54839317e-01
 3.74898762e+03 5.75447600e-01
 3.74900762e+03 5.97857609e-01
 3.74902762e+03 6.22257282e-01
 3.74904762e+03 6.48861424e-01
 3.74906762e+03 6.77916353e-01
 3.74908762e+03 7.09705575e-01
 3.74910762e+03 7.44556664e-01
 3.74912762e+03 7.82849679e-01
 3.74914762e+03 8.17298850e-01
 3.74916762e+03 8.63941820e-01
 3.74918762e+03 9.15598287e-01
 3.74920762e+03 9.72990971e-01
 3.74922762e+03 1.03698036e+00
 3.74924762e+03 1.10452040e+00
 3.74926762e+03 1.18504167e+00
 3.74928762e+03 1.27594623e+00
 3.74930762e+03 1.37908663e+00
 3.74932762e+03 1.49675250e+00
 3.74934762e+03 1.63180052e+00
 3.74936762e+03 1.78783167e+00
 3.74938762e+03 1.96943614e+00
 3.74940762e+03 2.18253703e+00
 3.74942762e+03 2.43488040e+00
 3.74944762e+03 2.73674652e+00
 3.74946762e+03 3.10200264e+00
 3.74948762e+03 3.54969481e+00
 3.74950762e+03 4.10651236e+00
 3.74952762e+03 4.81070448e+00
 3.74954762e+03 5.71848479e+00
 3.74956762e+03 6.91479850e+00
 3.74958762e+03 8.53177024e+00
 3.74960762e+03 1.07802611e+01
 3.74962762e+03 1.40016892e+01
 3.74964762e+03 1.87416305e+01
 3.74966762e+03 2.57970924e+01
 3.74968762e+03 3.59511879e+01
 3.74970762e+03 4.84967848e+01
 3.74972762e+03 5.84539611e+01
 3.74974762e+03 5.87617572e+01
 3.74976762e+03 4.94451828e+01
 3.74978762e+03 3.76172473e+01
 3.74980762e+03 2.83224045e+01
 3.74982762e+03 2.23610416e+01
 3.74984762e+03 1.90941131e+01
 3.74986762e+03 1.79538724e+01
 3.74988762e+03 1.87540087e+01
 3.74990762e+03 2.16484821e+01
 3.74992762e+03 2.67678068e+01
 3.74994762e+03 3.28764314e+01
 3.74996762e+03 3.56518839e+01
 3.74998762e+03 3.16997134e+01
 3.75000762e+03 2.43217648e+01
 3.75002762e+03 1.77308343e+01
 3.75004762e+03 1.30134754e+01
 3.75006762e+03 9.82422719e+00
 3.75008762e+03 7.64601568e+00
 3.75010762e+03 6.12282804e+00
 3.75012762e+03 5.02433000e+00
 3.75014762e+03 4.20810758e+00
 3.75016762e+03 3.58523100e+00
 3.75018762e+03 3.09879145e+00
 3.75020762e+03 2.71127986e+00
 3.75022762e+03 2.39724080e+00
 3.75024762e+03 2.13893223e+00
 3.75026762e+03 1.92369086e+00
 3.75028762e+03 1.74228483e+00
 3.75030762e+03 1.58785503e+00
 3.75032762e+03 1.45521775e+00
 3.75034762e+03 1.34039477e+00
 3.75036762e+03 1.24029033e+00
 3.75038762e+03 1.15246481e+00
 3.75040762e+03 1.07886192e+00
 3.75042762e+03 1.01016937e+00
 3.75044762e+03 9.48970378e-01
 3.75046762e+03 8.94219393e-01
 3.75048762e+03 8.45051545e-01
 3.75050762e+03 8.00746109e-01
 3.75052762e+03 7.60698349e-01
 3.75054762e+03 7.24397665e-01
 3.75056762e+03 6.91410406e-01
 3.75058762e+03 6.61366311e-01
 3.75060762e+03 6.33947651e-01
 3.75062762e+03 6.08880524e-01
 3.75064762e+03 5.85927807e-01
 3.75066762e+03 5.64883415e-01
 3.75068762e+03 5.45567580e-01
 3.75070762e+03 5.27822992e-01
 3.75072762e+03 5.11511562e-01
 3.75074762e+03 4.96511752e-01
 3.75076762e+03 4.82716335e-01
 3.75078762e+03 4.70030508e-01
 3.75080762e+03 4.58370302e-01
 3.75082762e+03 4.47661238e-01
 3.75084762e+03 4.37837181e-01
 3.75086762e+03 4.28839369e-01
 3.75088762e+03 4.20615576e-01
 3.75090762e+03 4.13119399e-01
 3.75092762e+03 4.06309653e-01
 3.75094762e+03 4.00149834e-01
 3.75096762e+03 3.94607683e-01
 3.75098762e+03 3.89654784e-01
 3.75100762e+03 3.85266244e-01
 3.75102762e+03 3.81420404e-01
 3.75104762e+03 3.78098598e-01
 3.75106762e+03 3.75284952e-01
 3.75108762e+03 3.72966211e-01
 3.75110762e+03 3.71131603e-01
 3.75112762e+03 3.69772725e-01
 3.75114762e+03 3.68883457e-01
 3.75116762e+03 3.68459900e-01
 3.75118762e+03 3.68500336e-01
 3.75120762e+03 3.69005214e-01
 3.75122762e+03 3.69977152e-01
 3.75124762e+03 3.71420962e-01
 3.75126762e+03 3.73343706e-01
 3.75128762e+03 3.75754762e-01
 3.75130762e+03 3.78665925e-01
 3.75132762e+03 3.82091527e-01
 3.75134762e+03 3.86048595e-01
 3.75136762e+03 3.90557030e-01
 3.75138762e+03 3.95639824e-01
 3.75140762e+03 4.01323326e-01
 3.75142762e+03 4.07637533e-01
 3.75144762e+03 4.14616452e-01
 3.75146762e+03 4.22298506e-01
 3.75148762e+03 4.30727012e-01
 3.75150762e+03 4.39950737e-01
 3.75152762e+03 4.50024542e-01
 3.75154762e+03 4.61010139e-01
 3.75156762e+03 4.72976960e-01
 3.75158762e+03 4.86003190e-01
 3.75160762e+03 5.00176964e-01
 3.75162762e+03 5.15597781e-01
 3.75164762e+03 5.32378166e-01
 3.75166762e+03 5.50645641e-01
 3.75168762e+03 5.70545064e-01
 3.75170762e+03 5.92241408e-01
 3.75172762e+03 6.15923110e-01
 3.75174762e+03 6.41806059e-01
 3.75176762e+03 6.70138475e-01
 3.75178762e+03 7.01206789e-01
 3.75180762e+03 7.35342832e-01
 3.75182762e+03 7.72932696e-01
 3.75184762e+03 8.14427648e-01
 3.75186762e+03 8.60357794e-01
 3.75188762e+03 9.11349095e-01
 3.75190762e+03 9.68144968e-01
 3.75192762e+03 1.03163373e+00
 3.75194762e+03 1.10288391e+00
 3.75196762e+03 1.17921479e+00
 3.75198762e+03 1.26621503e+00
 3.75200762e+03 1.36980136e+00
 3.75202762e+03 1.48838493e+00
 3.75204762e+03 1.62499727e+00
 3.75206762e+03 1.78348230e+00
 3.75208762e+03 1.96877116e+00
 3.75210762e+03 2.18727080e+00
 3.75212762e+03 2.44742259e+00
 3.75214762e+03 2.75628147e+00
 3.75216762e+03 3.13772897e+00
 3.75218762e+03 3.60880522e+00
 3.75220762e+03 4.19969305e+00
 3.75222762e+03 4.95415255e+00
 3.75224762e+03 5.93732425e+00
 3.75226762e+03 7.24902690e+00
 3.75228762e+03 9.04678919e+00
 3.75230762e+03 1.15853963e+01
 3.75232762e+03 1.52811314e+01
 3.75234762e+03 2.07976987e+01
 3.75236762e+03 2.90668512e+01
 3.75238762e+03 4.07677522e+01
 3.75240762e+03 5.39091355e+01
 3.75242762e+03 6.05244606e+01
 3.75244762e+03 5.42583022e+01
 3.75246762e+03 4.14854306e+01
 3.75248762e+03 3.01942908e+01
 3.75250762e+03 2.24037804e+01
 3.75252762e+03 1.74727001e+01
 3.75254762e+03 1.45249970e+01
 3.75256762e+03 1.29829009e+01
 3.75258762e+03 1.25675061e+01
 3.75260762e+03 1.32503777e+01
 3.75262762e+03 1.52246634e+01
 3.75264762e+03 1.88814323e+01
 3.75266762e+03 2.45120912e+01
 3.75268762e+03 3.09982711e+01
 3.75270762e+03 3.40733371e+01
 3.75272762e+03 3.03492486e+01
 3.75274762e+03 2.31780511e+01
 3.75276762e+03 1.67856161e+01
 3.75278762e+03 1.22388772e+01
 3.75280762e+03 9.17902910e+00
 3.75282762e+03 7.10790062e+00
 3.75284762e+03 5.66880750e+00
 3.75286762e+03 4.63706028e+00
 3.75288762e+03 3.87453568e+00
 3.75290762e+03 3.29543787e+00
 3.75292762e+03 2.84513106e+00
 3.75294762e+03 2.48776928e+00
 3.75296762e+03 2.19913270e+00
 3.75298762e+03 1.96597204e+00
 3.75300762e+03 1.76924936e+00
 3.75302762e+03 1.60382034e+00
 3.75304762e+03 1.46326387e+00
 3.75306762e+03 1.34274482e+00
 3.75308762e+03 1.23856524e+00
 3.75310762e+03 1.14785673e+00
 3.75312762e+03 1.06836567e+00
 3.75314762e+03 9.98300561e-01
 3.75316762e+03 9.36222004e-01
 3.75318762e+03 8.80962096e-01
 3.75320762e+03 8.31564685e-01
 3.75322762e+03 7.87240492e-01
 3.75324762e+03 7.47333061e-01
 3.75326762e+03 7.11292585e-01
 3.75328762e+03 6.78655615e-01
 3.75330762e+03 6.49029203e-01
 3.75332762e+03 6.22078346e-01
 3.75334762e+03 5.97516019e-01
 3.75336762e+03 5.75095155e-01
 3.75338762e+03 5.54602204e-01
 3.75340762e+03 5.35851865e-01
 3.75342762e+03 5.18682781e-01
 3.75344762e+03 5.02954012e-01
 3.75346762e+03 4.88542102e-01
 3.75348762e+03 4.75338655e-01
 3.75350762e+03 4.63248297e-01
 3.75352762e+03 4.52186974e-01
 3.75354762e+03 4.42080526e-01
 3.75356762e+03 4.32863469e-01
 3.75358762e+03 4.24477974e-01
 3.75360762e+03 4.16872997e-01
 3.75362762e+03 4.10003539e-01
 3.75364762e+03 4.03830018e-01
 3.75366762e+03 3.98317729e-01
 3.75368762e+03 3.93436393e-01
 3.75370762e+03 3.89159770e-01
 3.75372762e+03 3.85465329e-01
 3.75374762e+03 3.82333977e-01
 3.75376762e+03 3.79749835e-01
 3.75378762e+03 3.77700045e-01
 3.75380762e+03 3.76174627e-01
 3.75382762e+03 3.75166364e-01
 3.75384762e+03 3.74670725e-01
 3.75386762e+03 3.74685810e-01
 3.75388762e+03 3.75212329e-01
 3.75390762e+03 3.76253617e-01
 3.75392762e+03 3.77815665e-01
 3.75394762e+03 3.79907193e-01
 3.75396762e+03 3.82539748e-01
 3.75398762e+03 3.85727833e-01
 3.75400762e+03 3.89489085e-01
 3.75402762e+03 3.93844475e-01
 3.75404762e+03 3.98818564e-01
 3.75406762e+03 4.04439803e-01
 3.75408762e+03 4.10740891e-01
 3.75410762e+03 4.17759198e-01
 3.75412762e+03 4.25537251e-01
 3.75414762e+03 4.34123324e-01
 3.75416762e+03 4.43572109e-01
 3.75418762e+03 4.53945514e-01
 3.75420762e+03 4.65313597e-01
 3.75422762e+03 4.77755662e-01
 3.75424762e+03 4.91361553e-01
 3.75426762e+03 5.06233178e-01
 3.75428762e+03 5.22486322e-01
 3.75430762e+03 5.40252797e-01
 3.75432762e+03 5.59683010e-01
 3.75434762e+03 5.80949036e-01
 3.75436762e+03 6.04248347e-01
 3.75438762e+03 6.29808259e-01
 3.75440762e+03 6.57891420e-01
 3.75442762e+03 6.88802469e-01
 3.75444762e+03 7.22896232e-01
 3.75446762e+03 7.60587895e-01
 3.75448762e+03 8.02365622e-01
 3.75450762e+03 8.48806479e-01
 3.75452762e+03 9.00596461e-01
 3.75454762e+03 9.58556108e-01
 3.75456762e+03 1.02367339e+00
 3.75458762e+03 1.09714642e+00
 3.75460762e+03 1.18043940e+00
 3.75462762e+03 1.27535676e+00
 3.75464762e+03 1.38414258e+00
 3.75466762e+03 1.50961533e+00
 3.75468762e+03 1.65535321e+00
 3.75470762e+03 1.82595240e+00
 3.75472762e+03 2.02344257e+00
 3.75474762e+03 2.25969694e+00
 3.75476762e+03 2.54923422e+00
 3.75478762e+03 2.90248397e+00
 3.75480762e+03 3.33946235e+00
 3.75482762e+03 3.88856579e+00
 3.75484762e+03 4.59104400e+00
 3.75486762e+03 5.50843294e+00
 3.75488762e+03 6.73527222e+00
 3.75490762e+03 8.42127236e+00
 3.75492762e+03 1.08097308e+01
 3.75494762e+03 1.43007985e+01
 3.75496762e+03 1.95343531e+01
 3.75498762e+03 2.74384249e+01
 3.75500762e+03 3.87209620e+01
 3.75502762e+03 5.15170678e+01
 3.75504762e+03 5.79695472e+01
 3.75506762e+03 5.17039366e+01
 3.75508762e+03 3.91019995e+01
 3.75510762e+03 2.80348811e+01
 3.75512762e+03 2.03651080e+01
 3.75514762e+03 1.53984635e+01
 3.75516762e+03 1.22316621e+01
 3.75518762e+03 1.02434860e+01
 3.75520762e+03 9.06734167e+00
 3.75522762e+03 8.51101265e+00
 3.75524762e+03 8.50531272e+00
 3.75526762e+03 9.08631793e+00
 3.75528762e+03 1.04072298e+01
 3.75530762e+03 1.27726147e+01
 3.75532762e+03 1.66484117e+01
 3.75534762e+03 2.23992135e+01
 3.75536762e+03 2.90114637e+01
 3.75538762e+03 3.22470491e+01
 3.75540762e+03 2.86626094e+01
 3.75542762e+03 2.16878816e+01
 3.75544762e+03 1.55460637e+01
 3.75546762e+03 1.12329894e+01
 3.75548762e+03 8.36151761e+00
 3.75550762e+03 6.43538303e+00
 3.75552762e+03 5.11049655e+00
 3.75554762e+03 4.16472545e+00
 3.75556762e+03 3.46987561e+00
 3.75558762e+03 2.94498288e+00
 3.75560762e+03 2.53879887e+00
 3.75562762e+03 2.21786891e+00
 3.75564762e+03 1.95969107e+00
 3.75566762e+03 1.74871557e+00
 3.75568762e+03 1.57393515e+00
 3.75570762e+03 1.42738889e+00
 3.75572762e+03 1.30320706e+00
 3.75574762e+03 1.19698599e+00
 3.75576762e+03 1.10536963e+00
 3.75578762e+03 1.02576361e+00
 3.75580762e+03 9.56136203e-01
 3.75582762e+03 8.94877290e-01
 3.75584762e+03 8.40696997e-01
 3.75586762e+03 7.92551670e-01
 3.75588762e+03 7.49589185e-01
 3.75590762e+03 7.11107936e-01
 3.75592762e+03 6.76525837e-01
 3.75594762e+03 6.45356542e-01
 3.75596762e+03 6.17191086e-01
 3.75598762e+03 5.91683512e-01
 3.75600762e+03 5.68539585e-01
 3.75602762e+03 5.47507825e-01
 3.75604762e+03 5.28372311e-01
 3.75606762e+03 5.10946911e-01
 3.75608762e+03 4.95070582e-01
 3.75610762e+03 4.80603548e-01
 3.75612762e+03 4.67424154e-01
 3.75614762e+03 4.55426282e-01
 3.75616762e+03 4.44517198e-01
 3.75618762e+03 4.34615771e-01
 3.75620762e+03 4.25650978e-01
 3.75622762e+03 4.17560659e-01
 3.75624762e+03 4.10290462e-01
 3.75626762e+03 4.03792966e-01
 3.75628762e+03 3.98026936e-01
 3.75630762e+03 3.92956698e-01
 3.75632762e+03 3.88551617e-01
 3.75634762e+03 3.84785658e-01
 3.75636762e+03 3.81637025e-01
 3.75638762e+03 3.79087862e-01
 3.75640762e+03 3.77124014e-01
 3.75642762e+03 3.75734841e-01
 3.75644762e+03 3.74913078e-01
 3.75646762e+03 3.74654739e-01
 3.75648762e+03 3.74959067e-01
 3.75650762e+03 3.75828521e-01
 3.75652762e+03 3.77268804e-01
 3.75654762e+03 3.79288933e-01
 3.75656762e+03 3.81901355e-01
 3.75658762e+03 3.85122098e-01
 3.75660762e+03 3.88970983e-01
 3.75662762e+03 3.93471878e-01
 3.75664762e+03 3.98653017e-01
 3.75666762e+03 4.04547387e-01
 3.75668762e+03 4.11193183e-01
 3.75670762e+03 4.18634357e-01
 3.75672762e+03 4.26921267e-01
 3.75674762e+03 4.36111441e-01
 3.75676762e+03 4.46270485e-01
 3.75678762e+03 4.57473152e-01
 3.75680762e+03 4.69804614e-01
 3.75682762e+03 4.83361965e-01
 3.75684762e+03 4.98256014e-01
 3.75686762e+03 5.14613424e-01
 3.75688762e+03 5.32579279e-01
 3.75690762e+03 5.52320164e-01
 3.75692762e+03 5.74027896e-01
 3.75694762e+03 5.97924040e-01
 3.75696762e+03 6.24265461e-01
 3.75698762e+03 6.53351073e-01
 3.75700762e+03 6.85530246e-01
 3.75702762e+03 7.21213202e-01
 3.75704762e+03 7.60884070e-01
 3.75706762e+03 8.05117286e-01
 3.75708762e+03 8.54598509e-01
 3.75710762e+03 9.10151360e-01
 3.75712762e+03 9.72772058e-01
 3.75714762e+03 1.04367458e+00
 3.75716762e+03 1.12435033e+00
 3.75718762e+03 1.21664771e+00
 3.75720762e+03 1.32287958e+00
 3.75722762e+03 1.44597028e+00
 3.75724762e+03 1.58965953e+00
 3.75726762e+03 1.75878949e+00
 3.75728762e+03 1.95971555e+00
 3.75730762e+03 2.20090483e+00
 3.75732762e+03 2.49382560e+00
 3.75734762e+03 2.85429817e+00
 3.75736762e+03 3.30459638e+00
 3.75738762e+03 3.87680577e+00
 3.75740762e+03 4.61835212e+00
 3.75742762e+03 5.59373302e+00
 3.75744762e+03 6.93153823e+00
 3.75746762e+03 8.80694223e+00
 3.75748762e+03 1.15211120e+01
 3.75750762e+03 1.55695404e+01
 3.75752762e+03 2.16979264e+01
 3.75754762e+03 3.07109878e+01
 3.75756762e+03 4.21283543e+01
 3.75758762e+03 5.13211352e+01
 3.75760762e+03 5.13858454e+01
 3.75762762e+03 4.23265392e+01
 3.75764762e+03 3.10516929e+01
 3.75766762e+03 2.21936335e+01
 3.75768762e+03 1.62407933e+01
 3.75770762e+03 1.23895674e+01
 3.75772762e+03 9.91049664e+00
 3.75774762e+03 8.32106392e+00
 3.75776762e+03 7.34085403e+00
 3.75778762e+03 6.81767004e+00
 3.75780762e+03 6.68530289e+00
 3.75782762e+03 6.94608005e+00
 3.75784762e+03 7.67403931e+00
 3.75786762e+03 9.03813482e+00
 3.75788762e+03 1.13429233e+01
 3.75790762e+03 1.50475301e+01
 3.75792762e+03 2.05316459e+01
 3.75794762e+03 2.68804631e+01
 3.75796762e+03 3.00347730e+01
 3.75798762e+03 2.66322761e+01
 3.75800762e+03 2.00240668e+01
 3.75802762e+03 1.42629972e+01
 3.75804762e+03 1.02532528e+01
 3.75806762e+03 7.60199510e+00
 3.75808762e+03 5.83297012e+00
 3.75810762e+03 4.61833618e+00
 3.75812762e+03 3.75628570e+00
 3.75814762e+03 3.12479273e+00
 3.75816762e+03 2.64899485e+00
 3.75818762e+03 2.28166742e+00
 3.75820762e+03 1.99206300e+00
 3.75822762e+03 1.75954658e+00
 3.75824762e+03 1.56988756e+00
 3.75826762e+03 1.41303177e+00
 3.75828762e+03 1.28172083e+00
 3.75830762e+03 1.17061235e+00
 3.75832762e+03 1.07570500e+00
 3.75834762e+03 9.93954293e-01
 3.75836762e+03 9.23010364e-01
 3.75838762e+03 8.61035723e-01
 3.75840762e+03 8.06576306e-01
 3.75842762e+03 7.58468899e-01
 3.75844762e+03 7.15773628e-01
 3.75846762e+03 6.77724126e-01
 3.75848762e+03 6.43690273e-01
 3.75850762e+03 6.13149979e-01
 3.75852762e+03 5.85667626e-01
 3.75854762e+03 5.60877418e-01
 3.75856762e+03 5.38470384e-01
 3.75858762e+03 5.18184145e-01
 3.75860762e+03 4.99794826e-01
 3.75862762e+03 4.83110570e-01
 3.75864762e+03 4.67966329e-01
 3.75866762e+03 4.54219643e-01
 3.75868762e+03 4.41747203e-01
 3.75870762e+03 4.30442031e-01
 3.75872762e+03 4.20211166e-01
 3.75874762e+03 4.10973748e-01
 3.75876762e+03 4.02659430e-01
 3.75878762e+03 3.95207051e-01
 3.75880762e+03 3.88563537e-01
 3.75882762e+03 3.82682980e-01
 3.75884762e+03 3.77525872e-01
 3.75886762e+03 3.73058462e-01
 3.75888762e+03 3.69252229e-01
 3.75890762e+03 3.66083443e-01
 3.75892762e+03 3.63532814e-01
 3.75894762e+03 3.61585204e-01
 3.75896762e+03 3.60229410e-01
 3.75898762e+03 3.59458008e-01
 3.75900762e+03 3.59267239e-01
 3.75902762e+03 3.59656960e-01
 3.75904762e+03 3.60630637e-01
 3.75906762e+03 3.62195391e-01
 3.75908762e+03 3.64362092e-01
 3.75910762e+03 3.67145511e-01
 3.75912762e+03 3.70564520e-01
 3.75914762e+03 3.74642361e-01
 3.75916762e+03 3.79406979e-01
 3.75918762e+03 3.84891432e-01
 3.75920762e+03 3.91134387e-01
 3.75922762e+03 3.98180718e-01
 3.75924762e+03 4.06082218e-01
 3.75926762e+03 4.14898450e-01
 3.75928762e+03 4.24697759e-01
 3.75930762e+03 4.35558480e-01
 3.75932762e+03 4.47570370e-01
 3.75934762e+03 4.60836334e-01
 3.75936762e+03 4.75474482e-01
 3.75938762e+03 4.91620599e-01
 3.75940762e+03 5.09431149e-01
 3.75942762e+03 5.29086885e-01
 3.75944762e+03 5.50797281e-01
 3.75946762e+03 5.74805924e-01
 3.75948762e+03 6.01397205e-01
 3.75950762e+03 6.30904562e-01
 3.75952762e+03 6.63720776e-01
 3.75954762e+03 7.00310944e-01
 3.75956762e+03 7.41228848e-01
 3.75958762e+03 7.87137873e-01
 3.75960762e+03 8.38837912e-01
 3.75962762e+03 8.97300357e-01
 3.75964762e+03 9.63713991e-01
 3.75966762e+03 1.03954585e+00
 3.75968762e+03 1.12662293e+00
 3.75970762e+03 1.22724315e+00
 3.75972762e+03 1.34432817e+00
 3.75974762e+03 1.48163670e+00
 3.75976762e+03 1.64406703e+00
 3.75978762e+03 1.83809339e+00
 3.75980762e+03 2.07240720e+00
 3.75982762e+03 2.35887877e+00
 3.75984762e+03 2.71626060e+00
 3.75986762e+03 3.16585641e+00
 3.75988762e+03 3.73964372e+00
 3.75990762e+03 4.49107401e+00
 3.75992762e+03 5.49917112e+00
 3.75994762e+03 6.88979888e+00
 3.75996762e+03 8.86926667e+00
 3.75998762e+03 1.17811625e+01
 3.76000762e+03 1.61888752e+01
 3.76002762e+03 2.29233574e+01
 3.76004762e+03 3.26962238e+01
 3.76006762e+03 4.40230659e+01
 3.76008762e+03 4.98097319e+01
 3.76010762e+03 4.41051204e+01
 3.76012762e+03 3.28624976e+01
 3.76014762e+03 2.31710613e+01
 3.76016762e+03 1.65322814e+01
 3.76018762e+03 1.22304345e+01
 3.76020762e+03 9.43840687e+00
 3.76022762e+03 7.59775597e+00
 3.76024762e+03 6.37147400e+00
 3.76026762e+03 5.56226314e+00
 3.76028762e+03 5.05694971e+00
 3.76030762e+03 4.79488845e+00
 3.76032762e+03 4.75226785e+00
 3.76034762e+03 4.93942164e+00
 3.76036762e+03 5.39539220e+00
 3.76038762e+03 6.21226304e+00
 3.76040762e+03 7.56937746e+00
 3.76042762e+03 9.75511465e+00
 3.76044762e+03 1.32072022e+01
 3.76046762e+03 1.83057766e+01
 3.76048762e+03 2.42474125e+01
 3.76050762e+03 2.72391214e+01
 3.76052762e+03 2.40933745e+01
 3.76054762e+03 1.79936442e+01
 3.76056762e+03 1.27286005e+01
 3.76058762e+03 9.09679339e+00
 3.76060762e+03 6.71229263e+00
 3.76062762e+03 5.13017781e+00
 3.76064762e+03 4.04891407e+00
 3.76066762e+03 3.28457614e+00
 3.76068762e+03 2.72666213e+00
 3.76070762e+03 2.30769427e+00
 3.76072762e+03 1.98525136e+00
 3.76074762e+03 1.73178805e+00
 3.76076762e+03 1.52886257e+00
 3.76078762e+03 1.36378554e+00
 3.76080762e+03 1.22761138e+00
 3.76082762e+03 1.11389582e+00
 3.76084762e+03 1.01790567e+00
 3.76086762e+03 9.36103264e-01
 3.76088762e+03 8.65802434e-01
 3.76090762e+03 8.04934116e-01
 3.76092762e+03 7.51883669e-01
 3.76094762e+03 7.05375952e-01
 3.76096762e+03 6.64392926e-01
 3.76098762e+03 6.28113720e-01
 3.76100762e+03 5.95870370e-01
 3.76102762e+03 5.67114839e-01
 3.76104762e+03 5.41394049e-01
 3.76106762e+03 5.18330868e-01
 3.76108762e+03 4.97609395e-01
 3.76110762e+03 4.78963533e-01
 3.76112762e+03 4.62168009e-01
 3.76114762e+03 4.47031261e-01
 3.76116762e+03 4.33389771e-01
 3.76118762e+03 4.21103517e-01
 3.76120762e+03 4.10052292e-01
 3.76122762e+03 4.00132723e-01
 3.76124762e+03 3.91255839e-01
 3.76126762e+03 3.83345069e-01
 3.76128762e+03 3.76334612e-01
 3.76130762e+03 3.70168080e-01
 3.76132762e+03 3.64797398e-01
 3.76134762e+03 3.60181879e-01
 3.76136762e+03 3.56287484e-01
 3.76138762e+03 3.53086210e-01
 3.76140762e+03 3.50555603e-01
 3.76142762e+03 3.48678371e-01
 3.76144762e+03 3.47442092e-01
 3.76146762e+03 3.46839008e-01
 3.76148762e+03 3.46865888e-01
 3.76150762e+03 3.47523970e-01
 3.76152762e+03 3.48818973e-01
 3.76154762e+03 3.50761181e-01
 3.76156762e+03 3.53365589e-01
 3.76158762e+03 3.56652143e-01
 3.76160762e+03 3.60646052e-01
 3.76162762e+03 3.65378188e-01
 3.76164762e+03 3.70885600e-01
 3.76166762e+03 3.77212139e-01
 3.76168762e+03 3.84409216e-01
 3.76170762e+03 3.92536732e-01
 3.76172762e+03 4.01664181e-01
 3.76174762e+03 4.11871999e-01
 3.76176762e+03 4.23253171e-01
 3.76178762e+03 4.35915184e-01
 3.76180762e+03 4.49982374e-01
 3.76182762e+03 4.65598791e-01
 3.76184762e+03 4.82931677e-01
 3.76186762e+03 5.02175729e-01
 3.76188762e+03 5.23558338e-01
 3.76190762e+03 5.47346084e-01
 3.76192762e+03 5.73852803e-01
 3.76194762e+03 6.03449709e-01
 3.76196762e+03 6.36578187e-01
 3.76198762e+03 6.73766029e-01
 3.76200762e+03 7.15648310e-01
 3.76202762e+03 7.62994389e-01
 3.76204762e+03 8.16743187e-01
 3.76206762e+03 8.78049868e-01
 3.76208762e+03 9.48348108e-01
 3.76210762e+03 1.02943438e+00
 3.76212762e+03 1.12545900e+00
 3.76214762e+03 1.23746330e+00
 3.76216762e+03 1.36737279e+00
 3.76218762e+03 1.52200382e+00
 3.76220762e+03 1.70798590e+00
 3.76222762e+03 1.93431599e+00
 3.76224762e+03 2.21343201e+00
 3.76226762e+03 2.56288771e+00
 3.76228762e+03 3.00803811e+00
 3.76230762e+03 3.58647943e+00
 3.76232762e+03 4.35563585e+00
 3.76234762e+03 5.40610915e+00
 3.76236762e+03 6.88546688e+00
 3.76238762e+03 9.03971220e+00
 3.76240762e+03 1.22788156e+01
 3.76242762e+03 1.72437202e+01
 3.76244762e+03 2.46749353e+01
 3.76246762e+03 3.42891502e+01
 3.76248762e+03 4.21629438e+01
 3.76250762e+03 4.21895087e+01
 3.76252762e+03 3.43720004e+01
 3.76254762e+03 2.48190102e+01
 3.76256762e+03 1.74531273e+01
 3.76258762e+03 1.25551940e+01
 3.76260762e+03 9.39003598e+00
 3.76262762e+03 7.32263188e+00
 3.76264762e+03 5.94493908e+00
 3.76266762e+03 5.01131196e+00
 3.76268762e+03 4.38181947e+00
 3.76270762e+03 3.97369312e+00
 3.76272762e+03 3.74058216e+00
 3.76274762e+03 3.66097741e+00
 3.76276762e+03 3.73358445e+00
 3.76278762e+03 3.97799711e+00
 3.76280762e+03 4.44108151e+00
 3.76282762e+03 5.21145236e+00
 3.76284762e+03 6.44608740e+00
 3.76286762e+03 8.41087454e+00
 3.76288762e+03 1.15082282e+01
 3.76290762e+03 1.61054812e+01
 3.76292762e+03 2.15150828e+01
 3.76294762e+03 2.42704259e+01
 3.76296762e+03 2.14017894e+01
 3.76298762e+03 1.58799052e+01
 3.76300762e+03 1.11651268e+01
 3.76302762e+03 7.94200332e+00
 3.76304762e+03 5.83969810e+00
 3.76306762e+03 4.45153809e+00
 3.76308762e+03 3.50627802e+00
 3.76310762e+03 2.83999505e+00
 3.76312762e+03 2.35482518e+00
 3.76314762e+03 1.99126658e+00
 3.76316762e+03 1.71202213e+00
 3.76318762e+03 1.49292569e+00
 3.76320762e+03 1.31782660e+00
 3.76322762e+03 1.17562964e+00
 3.76324762e+03 1.05852459e+00
 3.76326762e+03 9.60892861e-01
 3.76328762e+03 8.78613229e-01
 3.76330762e+03 8.08609361e-01
 3.76332762e+03 7.48548331e-01
 3.76334762e+03 6.96635390e-01
 3.76336762e+03 6.51471703e-01
 3.76338762e+03 6.11953933e-01
 3.76340762e+03 5.77202345e-01
 3.76342762e+03 5.46508507e-01
 3.76344762e+03 5.19296798e-01
 3.76346762e+03 4.95095646e-01
 3.76348762e+03 4.73515864e-01
 3.76350762e+03 4.54234096e-01
 3.76352762e+03 4.36980080e-01
 3.76354762e+03 4.21526726e-01
 3.76356762e+03 4.07682350e-01
 3.76358762e+03 3.95284523e-01
 3.76360762e+03 3.84195185e-01
 3.76362762e+03 3.74296724e-01
 3.76364762e+03 3.65488825e-01
 3.76366762e+03 3.57685918e-01
 3.76368762e+03 3.50815103e-01
 3.76370762e+03 3.44814467e-01
 3.76372762e+03 3.39631708e-01
 3.76374762e+03 3.35223021e-01
 3.76376762e+03 3.31552192e-01
 3.76378762e+03 3.28589870e-01
 3.76380762e+03 3.26312997e-01
 3.76382762e+03 3.24704358e-01
 3.76384762e+03 3.23752258e-01
 3.76386762e+03 3.23450293e-01
 3.76388762e+03 3.23797229e-01
 3.76390762e+03 3.24796960e-01
 3.76392762e+03 3.26458569e-01
 3.76394762e+03 3.28796470e-01
 3.76396762e+03 3.31830656e-01
 3.76398762e+03 3.35587038e-01
 3.76400762e+03 3.40097909e-01
 3.76402762e+03 3.45402530e-01
 3.76404762e+03 3.51547857e-01
 3.76406762e+03 3.58589450e-01
 3.76408762e+03 3.66592572e-01
 3.76410762e+03 3.75633540e-01
 3.76412762e+03 3.85801352e-01
 3.76414762e+03 3.97199686e-01
 3.76416762e+03 4.09949320e-01
 3.76418762e+03 4.24191097e-01
 3.76420762e+03 4.40089564e-01
 3.76422762e+03 4.57837451e-01
 3.76424762e+03 4.77661231e-01
 3.76426762e+03 4.99828039e-01
 3.76428762e+03 5.24654354e-01
 3.76430762e+03 5.52516976e-01
 3.76432762e+03 5.85413874e-01
 3.76434762e+03 6.22352835e-01
 3.76436762e+03 6.62448038e-01
 3.76438762e+03 7.08037452e-01
 3.76440762e+03 7.60111507e-01
 3.76442762e+03 8.19900210e-01
 3.76444762e+03 8.88945662e-01
 3.76446762e+03 9.69201554e-01
 3.76448762e+03 1.06317134e+00
 3.76450762e+03 1.17410326e+00
 3.76452762e+03 1.30627007e+00
 3.76454762e+03 1.46537764e+00
 3.76456762e+03 1.65917373e+00
 3.76458762e+03 1.89837559e+00
 3.76460762e+03 2.19811816e+00
 3.76462762e+03 2.58027796e+00
 3.76464762e+03 3.07731892e+00
 3.76466762e+03 3.73887400e+00
 3.76468762e+03 4.64335579e+00
 3.76470762e+03 5.91873572e+00
 3.76472762e+03 7.77900447e+00
 3.76474762e+03 1.05824228e+01
 3.76476762e+03 1.48933033e+01
 3.76478762e+03 2.13750184e+01
 3.76480762e+03 2.98103801e+01
 3.76482762e+03 3.67590576e+01
 3.76484762e+03 3.67916705e+01
 3.76486762e+03 2.98954716e+01
 3.76488762e+03 2.14951837e+01
 3.76490762e+03 1.50473384e+01
 3.76492762e+03 1.07750946e+01
 3.76494762e+03 8.01625430e+00
 3.76496762e+03 6.20711464e+00
 3.76498762e+03 4.99048682e+00
 3.76500762e+03 4.15408863e+00
 3.76502762e+03 3.57240077e+00
 3.76504762e+03 3.17040803e+00
 3.76506762e+03 2.90317318e+00
 3.76508762e+03 2.73889194e+00
 3.76510762e+03 2.67692623e+00
 3.76512762e+03 2.70987304e+00
 3.76514762e+03 2.84757293e+00
 3.76516762e+03 3.11413745e+00
 3.76518762e+03 3.55495875e+00
 3.76520762e+03 4.25044326e+00
 3.76522762e+03 5.34072192e+00
 3.76524762e+03 7.06426660e+00
 3.76526762e+03 9.78998025e+00
 3.76528762e+03 1.38814326e+01
 3.76530762e+03 1.87813245e+01
 3.76532762e+03 2.13221141e+01
 3.76534762e+03 1.87081504e+01
 3.76536762e+03 1.37336392e+01
 3.76538762e+03 9.56460747e+00
 3.76540762e+03 6.75669170e+00
 3.76542762e+03 4.94442286e+00
 3.76544762e+03 3.75664823e+00
 3.76546762e+03 2.95214671e+00
 3.76548762e+03 2.38733529e+00
 3.76550762e+03 1.97421201e+00
 3.76552762e+03 1.66787277e+00
 3.76554762e+03 1.43316465e+00
 3.76556762e+03 1.24943648e+00
 3.76558762e+03 1.10292210e+00
 3.76560762e+03 9.84185662e-01
 3.76562762e+03 8.86598373e-01
 3.76564762e+03 8.05400462e-01
 3.76566762e+03 7.37106645e-01
 3.76568762e+03 6.79119603e-01
 3.76570762e+03 6.29472761e-01
 3.76572762e+03 5.86655571e-01
 3.76574762e+03 5.49492466e-01
 3.76576762e+03 5.17057669e-01
 3.76578762e+03 4.88614186e-01
 3.76580762e+03 4.63569541e-01
 3.76582762e+03 4.41443208e-01
 3.76584762e+03 4.21842326e-01
 3.76586762e+03 4.04443413e-01
 3.76588762e+03 3.88978425e-01
 3.76590762e+03 3.75224025e-01
 3.76592762e+03 3.62993260e-01
 3.76594762e+03 3.52129040e-01
 3.76596762e+03 3.42498998e-01
 3.76598762e+03 3.33991413e-01
 3.76600762e+03 3.26511952e-01
 3.76602762e+03 3.19981067e-01
 3.76604762e+03 3.14331898e-01
 3.76606762e+03 3.09508586e-01
 3.76608762e+03 3.05464927e-01
 3.76610762e+03 3.02163284e-01
 3.76612762e+03 2.99573733e-01
 3.76614762e+03 2.97673400e-01
 3.76616762e+03 2.96445955e-01
 3.76618762e+03 2.95881257e-01
 3.76620762e+03 2.95975126e-01
 3.76622762e+03 2.96729236e-01
 3.76624762e+03 2.98151123e-01
 3.76626762e+03 3.00254315e-01
 3.76628762e+03 3.03058573e-01
 3.76630762e+03 3.06590268e-01
 3.76632762e+03 3.10882889e-01
 3.76634762e+03 3.15977719e-01
 3.76636762e+03 3.21924676e-01
 3.76638762e+03 3.28783386e-01
 3.76640762e+03 3.36624487e-01
 3.76642762e+03 3.45531257e-01
 3.76644762e+03 3.55601596e-01
 3.76646762e+03 3.69423187e-01
 3.76648762e+03 3.82205644e-01
 3.76650762e+03 3.96560824e-01
 3.76652762e+03 4.12676052e-01
 3.76654762e+03 4.30772885e-01
 3.76656762e+03 4.51114370e-01
 3.76658762e+03 4.74014227e-01
 3.76660762e+03 4.99848555e-01
 3.76662762e+03 5.29070855e-01
 3.76664762e+03 5.62231516e-01
 3.76666762e+03 6.00003284e-01
 3.76668762e+03 6.43214991e-01
 3.76670762e+03 6.92896574e-01
 3.76672762e+03 7.50340099e-01
 3.76674762e+03 8.17183392e-01
 3.76676762e+03 8.95526361e-01
 3.76678762e+03 9.88095266e-01
 3.76680762e+03 1.09847853e+00
 3.76682762e+03 1.23147149e+00
 3.76684762e+03 1.39359061e+00
 3.76686762e+03 1.59385782e+00
 3.76688762e+03 1.84502677e+00
 3.76690762e+03 2.16555367e+00
 3.76692762e+03 2.58286532e+00
 3.76694762e+03 3.13896753e+00
 3.76696762e+03 3.90038758e+00
 3.76698762e+03 4.97611214e+00
 3.76700762e+03 6.55008632e+00
 3.76702762e+03 8.93120719e+00
 3.76704762e+03 1.26130684e+01
 3.76706762e+03 1.81946484e+01
 3.76708762e+03 2.55313722e+01
 3.76710762e+03 3.16154787e+01
 3.76712762e+03 3.16165414e+01
 3.76714762e+03 2.55487738e+01
 3.76716762e+03 1.82449075e+01
 3.76718762e+03 1.27002399e+01
 3.76720762e+03 9.05542679e+00
 3.76722762e+03 6.71283608e+00
 3.76724762e+03 5.17973867e+00
 3.76726762e+03 4.14813167e+00
 3.76728762e+03 3.43630964e+00
 3.76730762e+03 2.93712743e+00
 3.76732762e+03 2.58634339e+00
 3.76734762e+03 2.34492997e+00
 3.76736762e+03 2.18947418e+00
 3.76738762e+03 2.10707883e+00
 3.76740762e+03 2.09288966e+00
 3.76742762e+03 2.14941143e+00
 3.76744762e+03 2.28744013e+00
 3.76746762e+03 2.52903349e+00
 3.76748762e+03 2.91116465e+00
 3.76750762e+03 3.50538670e+00
 3.76752762e+03 4.43405572e+00
 3.76754762e+03 5.89909829e+00
 3.76756762e+03 8.21994824e+00
 3.76758762e+03 1.17211877e+01
 3.76760762e+03 1.59468098e+01
 3.76762762e+03 1.81550221e+01
 3.76764762e+03 1.58926334e+01
 3.76766762e+03 1.16118416e+01
 3.76768762e+03 8.05340058e+00
 3.76770762e+03 5.67218584e+00
 3.76772762e+03 4.14233385e+00
 3.76774762e+03 3.14290939e+00
 3.76776762e+03 2.46757972e+00
 3.76778762e+03 1.99431602e+00
 3.76780762e+03 1.65131927e+00
 3.76782762e+03 1.39535579e+00
 3.76784762e+03 1.19949658e+00
 3.76786762e+03 1.04637188e+00
 3.76788762e+03 9.24415721e-01
 3.76790762e+03 8.25708132e-01
 3.76792762e+03 7.44690284e-01
 3.76794762e+03 6.74624521e-01
 3.76796762e+03 6.18113969e-01
 3.76798762e+03 5.70214334e-01
 3.76800762e+03 5.29281984e-01
 3.76802762e+03 4.94055529e-01
 3.76804762e+03 4.63554259e-01
 3.76806762e+03 4.37006655e-01
 3.76808762e+03 4.13799276e-01
 3.76810762e+03 3.93439676e-01
 3.76812762e+03 3.75529133e-01
 3.76814762e+03 3.59742352e-01
 3.76816762e+03 3.45812168e-01
 3.76818762e+03 3.33517917e-01
 3.76820762e+03 3.22676488e-01
 3.76822762e+03 3.13135394e-01
 3.76824762e+03 3.04767363e-01
 3.76826762e+03 2.97466082e-01
 3.76828762e+03 2.91142842e-01
 3.76830762e+03 2.85723877e-01
 3.76832762e+03 2.81148246e-01
 3.76834762e+03 2.77366166e-01
 3.76836762e+03 2.74337686e-01
 3.76838762e+03 2.72031667e-01
 3.76840762e+03 2.70424985e-01
 3.76842762e+03 2.69501965e-01
 3.76844762e+03 2.69253981e-01
 3.76846762e+03 2.69679228e-01
 3.76848762e+03 2.70782651e-01
 3.76850762e+03 2.72576020e-01
 3.76852762e+03 2.76054637e-01
 3.76854762e+03 2.80271496e-01
 3.76856762e+03 2.84293829e-01
 3.76858762e+03 2.89128728e-01
 3.76860762e+03 2.94829007e-01
 3.76862762e+03 3.01458489e-01
 3.76864762e+03 3.09093582e-01
 3.76866762e+03 3.17825232e-01
 3.76868762e+03 3.27761367e-01
 3.76870762e+03 3.39029930e-01
 3.76872762e+03 3.51782665e-01
 3.76874762e+03 3.66199864e-01
 3.76876762e+03 3.82496338e-01
 3.76878762e+03 4.00928986e-01
 3.76880762e+03 4.21806447e-01
 3.76882762e+03 4.45501510e-01
 3.76884762e+03 4.72467207e-01
 3.76886762e+03 5.03257882e-01
 3.76888762e+03 5.38557057e-01
 3.76890762e+03 5.79214713e-01
 3.76892762e+03 6.26297751e-01
 3.76894762e+03 6.81159256e-01
 3.76896762e+03 7.45534782e-01
 3.76898762e+03 8.21678457e-01
 3.76900762e+03 9.12558344e-01
 3.76902762e+03 1.02214224e+00
 3.76904762e+03 1.15582406e+00
 3.76906762e+03 1.32107454e+00
 3.76908762e+03 1.52946152e+00
 3.76910762e+03 1.79428505e+00
 3.76912762e+03 2.13928425e+00
 3.76914762e+03 2.59931815e+00
 3.76916762e+03 3.22964886e+00
 3.76918762e+03 4.12094644e+00
 3.76920762e+03 5.42607580e+00
 3.76922762e+03 7.40411289e+00
 3.76924762e+03 1.04711907e+01
 3.76926762e+03 1.51378487e+01
 3.76928762e+03 2.13019235e+01
 3.76930762e+03 2.64390552e+01
 3.76932762e+03 2.64478096e+01
 3.76934762e+03 2.13297514e+01
 3.76936762e+03 1.51868342e+01
 3.76938762e+03 1.05425014e+01
 3.76940762e+03 7.49889199e+00
 3.76942762e+03 5.54594654e+00
 3.76944762e+03 4.26815836e+00
 3.76946762e+03 3.40717713e+00
 3.76948762e+03 2.81100443e+00
 3.76950762e+03 2.39004445e+00
 3.76952762e+03 2.09040679e+00
 3.76954762e+03 1.87902601e+00
 3.76956762e+03 1.73555296e+00
 3.76958762e+03 1.64795693e+00
 3.76960762e+03 1.61022247e+00
 3.76962762e+03 1.62136464e+00
 3.76964762e+03 1.68547208e+00
 3.76966762e+03 1.81284025e+00
 3.76968762e+03 2.02265544e+00
 3.76970762e+03 2.34831488e+00
 3.76972762e+03 2.84747869e+00
 3.76974762e+03 3.62019374e+00
 3.76976762e+03 4.83792988e+00
 3.76978762e+03 6.77096402e+00
 3.76980762e+03 9.70161763e+00
 3.76982762e+03 1.32627506e+01
 3.76984762e+03 1.51361731e+01
 3.76986762e+03 1.32206984e+01
 3.76988762e+03 9.61682872e+00
 3.76990762e+03 6.64426034e+00
 3.76992762e+03 4.66715641e+00
 3.76994762e+03 3.40233372e+00
 3.76996762e+03 2.57851601e+00
 3.76998762e+03 2.02304117e+00
 3.77000762e+03 1.63440422e+00
 3.77002762e+03 1.35312182e+00
 3.77004762e+03 1.14347000e+00
 3.77006762e+03 9.83234922e-01
 3.77008762e+03 8.58105657e-01
 3.77010762e+03 7.58562609e-01
 3.77012762e+03 6.78092930e-01
 3.77014762e+03 6.12129168e-01
 3.77016762e+03 5.57397049e-01
 3.77018762e+03 5.11502850e-01
 3.77020762e+03 4.72665566e-01
 3.77022762e+03 4.39538942e-01
 3.77024762e+03 4.11090713e-01
 3.77026762e+03 3.86519098e-01
 3.77028762e+03 3.65194064e-01
 3.77030762e+03 3.46615350e-01
 3.77032762e+03 3.28060085e-01
 3.77034762e+03 3.13866686e-01
 3.77036762e+03 3.01430934e-01
 3.77038762e+03 2.90537076e-01
 3.77040762e+03 2.81007685e-01
 3.77042762e+03 2.72696364e-01
 3.77044762e+03 2.65482116e-01
 3.77046762e+03 2.59264955e-01
 3.77048762e+03 2.53962483e-01
 3.77050762e+03 2.49507210e-01
 3.77052762e+03 2.47353031e-01
 3.77054762e+03 2.44451451e-01
 3.77056762e+03 2.42265401e-01
 3.77058762e+03 2.40770228e-01
 3.77060762e+03 2.39949538e-01
 3.77062762e+03 2.39794740e-01
 3.77064762e+03 2.40304781e-01
 3.77066762e+03 2.41486084e-01
 3.77068762e+03 2.43352668e-01
 3.77070762e+03 2.45926453e-01
 3.77072762e+03 2.49237778e-01
 3.77074762e+03 2.53326138e-01
 3.77076762e+03 2.58241172e-01
 3.77078762e+03 2.64043957e-01
 3.77080762e+03 2.70808656e-01
 3.77082762e+03 2.78624605e-01
 3.77084762e+03 2.87598944e-01
 3.77086762e+03 2.97859931e-01
 3.77088762e+03 3.09561126e-01
 3.77090762e+03 3.22886687e-01
 3.77092762e+03 3.38058125e-01
 3.77094762e+03 3.55342960e-01
 3.77096762e+03 3.75065905e-01
 3.77098762e+03 3.97623451e-01
 3.77100762e+03 4.23503048e-01
 3.77102762e+03 4.53308617e-01
 3.77104762e+03 4.87794874e-01
 3.77106762e+03 5.27914078e-01
 3.77108762e+03 5.75650065e-01
 3.77110762e+03 6.31036962e-01
 3.77112762e+03 6.96886184e-01
 3.77114762e+03 7.75913356e-01
 3.77116762e+03 8.71776507e-01
 3.77118762e+03 9.89490269e-01
 3.77120762e+03 1.13606466e+00
 3.77122762e+03 1.32151612e+00
 3.77124762e+03 1.56051508e+00
 3.77126762e+03 1.87516056e+00
 3.77128762e+03 2.29982875e+00
 3.77130762e+03 2.88994493e+00
 3.77132762e+03 3.73812586e+00
 3.77134762e+03 5.00323615e+00
 3.77136762e+03 6.95753644e+00
 3.77138762e+03 1.00340486e+01
 3.77140762e+03 1.46997327e+01
 3.77142762e+03 2.04126143e+01
 3.77144762e+03 2.34613680e+01
 3.77146762e+03 2.04267211e+01
 3.77148762e+03 1.47281803e+01
 3.77150762e+03 1.00773141e+01
 3.77152762e+03 7.01635915e+00
 3.77154762e+03 5.07864779e+00
 3.77156762e+03 3.83149435e+00
 3.77158762e+03 3.00303528e+00
 3.77160762e+03 2.43488625e+00
 3.77162762e+03 2.03502388e+00
 3.77164762e+03 1.74877031e+00
 3.77166762e+03 1.54270841e+00
 3.77168762e+03 1.39599206e+00
 3.77170762e+03 1.29561783e+00
 3.77172762e+03 1.23382954e+00
 3.77174762e+03 1.20674464e+00
 3.77176762e+03 1.21377212e+00
 3.77178762e+03 1.25766536e+00
 3.77180762e+03 1.34525888e+00
 3.77182762e+03 1.48917925e+00
 3.77184762e+03 1.71121236e+00
 3.77186762e+03 2.04869295e+00
 3.77188762e+03 2.56629159e+00
 3.77190762e+03 3.37611420e+00
 3.77192762e+03 4.66311936e+00
 3.77194762e+03 6.66611246e+00
 3.77196762e+03 9.37208360e+00
 3.77198762e+03 1.16630897e+01
 3.77200762e+03 1.16487962e+01
 3.77202762e+03 9.32913209e+00
 3.77204762e+03 6.59398703e+00
 3.77206762e+03 4.56067846e+00
 3.77208762e+03 3.24164181e+00
 3.77210762e+03 2.39561259e+00
 3.77212762e+03 1.83882704e+00
 3.77214762e+03 1.46018665e+00
 3.77216762e+03 1.19213956e+00
 3.77218762e+03 9.96081400e-01
 3.77220762e+03 8.48612955e-01
 3.77222762e+03 7.35021115e-01
 3.77224762e+03 6.45724636e-01
 3.77226762e+03 5.74287730e-01
 3.77228762e+03 5.16268647e-01
 3.77230762e+03 4.68527810e-01
 3.77232762e+03 4.28798546e-01
 3.77234762e+03 3.95413222e-01
 3.77236762e+03 3.67124013e-01
 3.77238762e+03 3.42982950e-01
 3.77240762e+03 3.22259987e-01
 3.77242762e+03 3.04385999e-01
 3.77244762e+03 2.90056338e-01
 3.77246762e+03 2.76635653e-01
 3.77248762e+03 2.64972392e-01
 3.77250762e+03 2.54835278e-01
 3.77252762e+03 2.46036437e-01
 3.77254762e+03 2.38422639e-01
 3.77256762e+03 2.31868641e-01
 3.77258762e+03 2.26272081e-01
 3.77260762e+03 2.21549541e-01
 3.77262762e+03 2.15690242e-01
 3.77264762e+03 2.12542220e-01
 3.77266762e+03 2.10104378e-01
 3.77268762e+03 2.08344912e-01
 3.77270762e+03 2.07241397e-01
 3.77272762e+03 2.06780079e-01
 3.77274762e+03 2.06955429e-01
 3.77276762e+03 2.07769935e-01
 3.77278762e+03 2.09234119e-01
 3.77280762e+03 2.11366778e-01
 3.77282762e+03 2.14195462e-01
 3.77284762e+03 2.17757195e-01
 3.77286762e+03 2.22099504e-01
 3.77288762e+03 2.27281763e-01
 3.77290762e+03 2.33376966e-01
 3.77292762e+03 2.40473985e-01
 3.77294762e+03 2.48680458e-01
 3.77296762e+03 2.58126477e-01
 3.77298762e+03 2.68969292e-01
 3.77300762e+03 2.81978612e-01
 3.77302762e+03 2.96232066e-01
 3.77304762e+03 3.12586900e-01
 3.77306762e+03 3.31390200e-01
 3.77308762e+03 3.53071172e-01
 3.77310762e+03 3.78164779e-01
 3.77312762e+03 4.07343797e-01
 3.77314762e+03 4.41462847e-01
 3.77316762e+03 4.81619751e-01
 3.77318762e+03 5.29242342e-01
 3.77320762e+03 5.86213380e-01
 3.77322762e+03 6.55053590e-01
 3.77324762e+03 7.39195392e-01
 3.77326762e+03 8.43401640e-01
 3.77328762e+03 9.74422557e-01
 3.77330762e+03 1.14205589e+00
 3.77332762e+03 1.36091351e+00
 3.77334762e+03 1.65347420e+00
 3.77336762e+03 2.05556104e+00
 3.77338762e+03 2.62643609e+00
 3.77340762e+03 3.46733230e+00
 3.77342762e+03 4.75328286e+00
 3.77344762e+03 6.77450743e+00
 3.77346762e+03 9.91182454e+00
 3.77348762e+03 1.41640710e+01
 3.77350762e+03 1.77858053e+01
 3.77352762e+03 1.77851365e+01
 3.77354762e+03 1.41691374e+01
 3.77356762e+03 9.93031053e+00
 3.77358762e+03 6.80785438e+00
 3.77360762e+03 4.80120700e+00
 3.77362762e+03 3.52990051e+00
 3.77364762e+03 2.70432723e+00
 3.77366762e+03 2.15001765e+00
 3.77368762e+03 1.76628234e+00
 3.77370762e+03 1.49444751e+00
 3.77372762e+03 1.29938657e+00
 3.77374762e+03 1.15949304e+00
 3.77376762e+03 1.06128735e+00
 3.77378762e+03 9.96480903e-01
 3.77380762e+03 9.60381650e-01
 3.77382762e+03 9.51097561e-01
 3.77384762e+03 9.69296375e-01
 3.77386762e+03 1.01846638e+00
 3.77388762e+03 1.10578948e+00
 3.77390762e+03 1.24396900e+00
 3.77392762e+03 1.45476683e+00
 3.77394762e+03 1.77573704e+00
 3.77396762e+03 2.27267036e+00
 3.77398762e+03 3.06046405e+00
 3.77400762e+03 4.32636902e+00
 3.77402762e+03 6.28430169e+00
 3.77404762e+03 8.73122895e+00
 3.77406762e+03 1.00512663e+01
 3.77408762e+03 8.70890905e+00
 3.77410762e+03 6.23930530e+00
 3.77412762e+03 4.25796917e+00
 3.77414762e+03 2.96753433e+00
 3.77416762e+03 2.15363887e+00
 3.77418762e+03 1.62851971e+00
 3.77420762e+03 1.27667463e+00
 3.77422762e+03 1.03158121e+00
 3.77424762e+03 8.54781437e-01
 3.77426762e+03 7.23374632e-01
 3.77428762e+03 6.23622136e-01
 3.77430762e+03 5.44474991e-01
 3.77432762e+03 4.81026431e-01
 3.77434762e+03 4.31116398e-01
 3.77436762e+03 3.90320181e-01
 3.77438762e+03 3.56578225e-01
 3.77440762e+03 3.28387822e-01
 3.77442762e+03 3.04633102e-01
 3.77444762e+03 2.84472305e-01
 3.77446762e+03 2.67261454e-01
 3.77448762e+03 2.52501673e-01
 3.77450762e+03 2.39802209e-01
 3.77452762e+03 2.28854049e-01
 3.77454762e+03 2.19410844e-01
 3.77456762e+03 2.11274924e-01
 3.77458762e+03 2.04286924e-01
 3.77460762e+03 1.98318020e-01
 3.77462762e+03 1.93264058e-01
 3.77464762e+03 1.89041102e-01
 3.77466762e+03 1.85582030e-01
 3.77468762e+03 1.82833949e-01
 3.77470762e+03 1.80756237e-01
 3.77472762e+03 1.79319081e-01
 3.77474762e+03 1.78502431e-01
 3.77476762e+03 1.78295288e-01
 3.77478762e+03 1.78695304e-01
 3.77480762e+03 1.79708640e-01
 3.77482762e+03 1.81350105e-01
 3.77484762e+03 1.82050071e-01
 3.77486762e+03 1.85470350e-01
 3.77488762e+03 1.89195296e-01
 3.77490762e+03 1.93706558e-01
 3.77492762e+03 1.99074618e-01
 3.77494762e+03 2.05386357e-01
 3.77496762e+03 2.12748166e-01
 3.77498762e+03 2.21289979e-01
 3.77500762e+03 2.31170482e-01
 3.77502762e+03 2.42583893e-01
 3.77504762e+03 2.55768831e-01
 3.77506762e+03 2.71020035e-01
 3.77508762e+03 2.88703965e-01
 3.77510762e+03 3.09279842e-01
 3.77512762e+03 3.33328331e-01
 3.77514762e+03 3.61591220e-01
 3.77516762e+03 3.95027065e-01
 3.77518762e+03 4.34890509e-01
 3.77520762e+03 4.82847301e-01
 3.77522762e+03 5.41144284e-01
 3.77524762e+03 6.12865978e-01
 3.77526762e+03 7.02331098e-01
 3.77528762e+03 8.15721749e-01
 3.77530762e+03 9.62111585e-01
 3.77532762e+03 1.15520348e+00
 3.77534762e+03 1.41638081e+00
 3.77536762e+03 1.78027789e+00
 3.77538762e+03 2.30520038e+00
 3.77540762e+03 3.09236437e+00
 3.77542762e+03 4.31842659e+00
 3.77544762e+03 6.27295720e+00
 3.77546762e+03 9.29338938e+00
 3.77548762e+03 1.30858694e+01
 3.77550762e+03 1.51531631e+01
 3.77552762e+03 1.30935941e+01
 3.77554762e+03 9.30896618e+00
 3.77556762e+03 6.29664586e+00
 3.77558762e+03 4.35062925e+00
 3.77560762e+03 3.13364135e+00
 3.77562762e+03 2.35629317e+00
 3.77564762e+03 1.84214100e+00
 3.77566762e+03 1.49022498e+00
 3.77568762e+03 1.24255418e+00
 3.77570762e+03 1.06488816e+00
 3.77572762e+03 9.36345419e-01
 3.77574762e+03 8.43873771e-01
 3.77576762e+03 7.79258059e-01
 3.77578762e+03 7.37469642e-01
 3.77580762e+03 7.15769548e-01
 3.77582762e+03 7.13282326e-01
 3.77584762e+03 7.30921688e-01
 3.77586762e+03 7.71660612e-01
 3.77588762e+03 8.41252027e-01
 3.77590762e+03 9.49679182e-01
 3.77592762e+03 1.11393865e+00
 3.77594762e+03 1.36335537e+00
 3.77596762e+03 1.74950682e+00
 3.77598762e+03 2.36317021e+00
 3.77600762e+03 3.35430798e+00
 3.77602762e+03 4.90025074e+00
 3.77604762e+03 6.85517225e+00
 3.77606762e+03 7.92105878e+00
 3.77608762e+03 6.83892664e+00
 3.77610762e+03 4.86750852e+00
 3.77612762e+03 3.30455762e+00
 3.77614762e+03 2.29562006e+00
 3.77616762e+03 1.66305397e+00
 3.77618762e+03 1.25654061e+00
 3.77620762e+03 9.84884200e-01
 3.77622762e+03 7.96003934e-01
 3.77624762e+03 6.59957017e-01
 3.77626762e+03 5.58973975e-01
 3.77628762e+03 4.82087195e-01
 3.77630762e+03 4.22268050e-01
 3.77632762e+03 3.74861072e-01
 3.77634762e+03 3.36692946e-01
 3.77636762e+03 3.05545560e-01
 3.77638762e+03 2.79833684e-01
 3.77640762e+03 2.58401874e-01
 3.77642762e+03 2.40393090e-01
 3.77644762e+03 2.22708689e-01
 3.77646762e+03 2.09780947e-01
 3.77648762e+03 1.98755887e-01
 3.77650762e+03 1.89335679e-01
 3.77652762e+03 1.81285654e-01
 3.77654762e+03 1.74419666e-01
 3.77656762e+03 1.68589378e-01
 3.77658762e+03 1.63676351e-01
 3.77660762e+03 1.59586151e-01
 3.77662762e+03 1.56243922e-01
 3.77664762e+03 1.53591077e-01
 3.77666762e+03 1.51582817e-01
 3.77668762e+03 1.50186301e-01
 3.77670762e+03 1.49379340e-01
 3.77672762e+03 1.49149514e-01
 3.77674762e+03 1.49493656e-01
 3.77676762e+03 1.50417677e-01
 3.77678762e+03 1.51936694e-01
 3.77680762e+03 1.54075493e-01
 3.77682762e+03 1.56869332e-01
 3.77684762e+03 1.60365142e-01
 3.77686762e+03 1.64623181e-01
 3.77688762e+03 1.69719274e-01
 3.77690762e+03 1.75747755e-01
 3.77692762e+03 1.82825335e-01
 3.77694762e+03 1.91096179e-01
 3.77696762e+03 2.00738584e-01
 3.77698762e+03 2.11338493e-01
 3.77700762e+03 2.23812497e-01
 3.77702762e+03 2.39142529e-01
 3.77704762e+03 2.57127699e-01
 3.77706762e+03 2.78330218e-01
 3.77708762e+03 3.03477432e-01
 3.77710762e+03 3.33522271e-01
 3.77712762e+03 3.69730993e-01
 3.77714762e+03 4.13812983e-01
 3.77716762e+03 4.68116863e-01
 3.77718762e+03 5.35933908e-01
 3.77720762e+03 6.21980088e-01
 3.77722762e+03 7.33185015e-01
 3.77724762e+03 8.80027698e-01
 3.77726762e+03 1.07888784e+00
 3.77728762e+03 1.35635713e+00
 3.77730762e+03 1.75737207e+00
 3.77732762e+03 2.36043181e+00
 3.77734762e+03 3.30387761e+00
 3.77736762e+03 4.81808875e+00
 3.77738762e+03 7.18211800e+00
 3.77740762e+03 1.01918482e+01
 3.77742762e+03 1.18521184e+01
 3.77744762e+03 1.01974869e+01
 3.77746762e+03 7.19349109e+00
 3.77748762e+03 4.83539101e+00
 3.77750762e+03 3.32741071e+00
 3.77752762e+03 2.39061616e+00
 3.77754762e+03 1.79476421e+00
 3.77756762e+03 1.40167367e+00
 3.77758762e+03 1.13303811e+00
 3.77760762e+03 9.44157863e-01
 3.77762762e+03 8.08737840e-01
 3.77764762e+03 7.10776502e-01
 3.77766762e+03 6.40285430e-01
 3.77768762e+03 5.90982747e-01
 3.77770762e+03 5.59023381e-01
 3.77772762e+03 5.42309814e-01
 3.77774762e+03 5.40164212e-01
 3.77776762e+03 5.53270057e-01
 3.77778762e+03 5.83877210e-01
 3.77780762e+03 6.36351764e-01
 3.77782762e+03 7.18285621e-01
 3.77784762e+03 8.42634780e-01
 3.77786762e+03 1.03183652e+00
 3.77788762e+03 1.32559919e+00
 3.77790762e+03 1.79448376e+00
 3.77792762e+03 2.55689412e+00
 3.77794762e+03 3.75825660e+00
 3.77796762e+03 5.29873033e+00
 3.77798762e+03 6.14903047e+00
 3.77800762e+03 5.28641145e+00
 3.77802762e+03 3.73342868e+00
 3.77804762e+03 2.51916968e+00
 3.77806762e+03 1.74326306e+00
 3.77808762e+03 1.26004658e+00
 3.77810762e+03 9.50846250e-01
 3.77812762e+03 7.44783620e-01
 3.77814762e+03 6.01768521e-01
 3.77816762e+03 4.98894742e-01
 3.77818762e+03 4.22619430e-01
 3.77820762e+03 3.64602950e-01
 3.77822762e+03 3.19509714e-01
 3.77824762e+03 2.83810500e-01
 3.77826762e+03 2.55102557e-01
 3.77828762e+03 2.31708214e-01
 3.77830762e+03 2.12429751e-01
 3.77832762e+03 1.96395138e-01
 3.77834762e+03 1.82958356e-01
 3.77836762e+03 1.71633445e-01
 3.77838762e+03 1.62049931e-01
 3.77840762e+03 1.53922140e-01
 3.77842762e+03 1.47027705e-01
 3.77844762e+03 1.41192291e-01
 3.77846762e+03 1.36278583e-01
 3.77848762e+03 1.32178269e-01
 3.77850762e+03 1.27837458e-01
 3.77852762e+03 1.24170736e-01
 3.77854762e+03 1.22086455e-01
 3.77856762e+03 1.20575102e-01
 3.77858762e+03 1.19610452e-01
 3.77860762e+03 1.19176622e-01
 3.77862762e+03 1.19267358e-01
 3.77864762e+03 1.19885715e-01
 3.77866762e+03 1.21044104e-01
 3.77868762e+03 1.22764699e-01
 3.77870762e+03 1.25080240e-01
 3.77872762e+03 1.28035263e-01
 3.77874762e+03 1.31687861e-01
 3.77876762e+03 1.36112084e-01
 3.77878762e+03 1.41401157e-01
 3.77880762e+03 1.47671774e-01
 3.77882762e+03 1.55069815e-01
 3.77884762e+03 1.63777999e-01
 3.77886762e+03 1.74026205e-01
 3.77888762e+03 1.86105529e-01
 3.77890762e+03 2.00387668e-01
 3.77892762e+03 2.17352002e-01
 3.77894762e+03 2.37624015e-01
 3.77896762e+03 2.62030724e-01
 3.77898762e+03 2.91682119e-01
 3.77900762e+03 3.28093292e-01
 3.77902762e+03 3.73371791e-01
 3.77904762e+03 4.30512560e-01
 3.77906762e+03 5.02881305e-01
 3.77908762e+03 5.99000344e-01
 3.77910762e+03 7.27948830e-01
 3.77912762e+03 9.05885804e-01
 3.77914762e+03 1.15978459e+00
 3.77916762e+03 1.53641079e+00
 3.77918762e+03 2.11852660e+00
 3.77920762e+03 3.04850861e+00
 3.77922762e+03 4.52764713e+00
 3.77924762e+03 6.59875008e+00
 3.77926762e+03 8.41498511e+00
 3.77928762e+03 8.41612698e+00
 3.77930762e+03 6.60296000e+00
 3.77932762e+03 4.53576920e+00
 3.77934762e+03 3.06077425e+00
 3.77936762e+03 2.13506826e+00
 3.77938762e+03 1.55746680e+00
 3.77940762e+03 1.18572587e+00
 3.77942762e+03 9.37221249e-01
 3.77944762e+03 7.65339857e-01
 3.77946762e+03 6.43288158e-01
 3.77948762e+03 5.55128460e-01
 3.77950762e+03 4.91059527e-01
 3.77952762e+03 4.44919033e-01
 3.77954762e+03 4.12826200e-01
 3.77956762e+03 3.92431101e-01
 3.77958762e+03 3.82511157e-01
 3.77960762e+03 3.82791221e-01
 3.77962762e+03 3.93939136e-01
 3.77964762e+03 4.17743486e-01
 3.77966762e+03 4.57540940e-01
 3.77968762e+03 5.19058955e-01
 3.77970762e+03 6.12032433e-01
 3.77972762e+03 7.53329503e-01
 3.77974762e+03 9.72928037e-01
 3.77976762e+03 1.32451982e+00
 3.77978762e+03 1.89941375e+00
 3.77980762e+03 2.81339015e+00
 3.77982762e+03 3.99996422e+00
 3.77984762e+03 4.66214345e+00
 3.77986762e+03 3.99053760e+00
 3.77988762e+03 2.79440474e+00
 3.77990762e+03 1.87060041e+00
 3.77992762e+03 1.28546248e+00
 3.77994762e+03 9.23047997e-01
 3.77996762e+03 6.91862697e-01
 3.77998762e+03 5.37998090e-01
 3.78000762e+03 4.31217131e-01
 3.78002762e+03 3.54335324e-01
 3.78004762e+03 2.97224298e-01
 3.78006762e+03 2.53658504e-01
 3.78008762e+03 2.19659779e-01
 3.78010762e+03 1.92598945e-01
 3.78012762e+03 1.70686798e-01
 3.78014762e+03 1.52674075e-01
 3.78016762e+03 1.37668443e-01
 3.78018762e+03 1.25019438e-01
 3.78020762e+03 1.14244176e-01
 3.78022762e+03 1.04978214e-01
 3.78024762e+03 9.69423485e-02
 3.78026762e+03 8.99197427e-02
 3.78028762e+03 8.37398951e-02
 3.78030762e+03 7.82672068e-02
 3.78032762e+03 7.33927115e-02
 3.78034762e+03 6.90280053e-02
 3.78036762e+03 6.51007325e-02
 3.78038762e+03 6.15511883e-02
 3.78040762e+03 5.83297347e-02
 3.78042762e+03 5.53948134e-02
 3.78044762e+03 5.27114007e-02
 3.78046762e+03 5.02498004e-02
 3.78048762e+03 4.79846892e-02
 3.78050762e+03 4.43978153e-02
 3.78052762e+03 4.24754511e-02
 3.78054762e+03 4.06928218e-02
 3.78056762e+03 3.90358460e-02
 3.78058762e+03 3.74922268e-02
 3.78060762e+03 3.60511833e-02
 3.78062762e+03 3.47032277e-02
 3.78064762e+03 3.34399804e-02
 3.78066762e+03 3.22540158e-02
 3.78068762e+03 3.11387322e-02
 3.78070762e+03 3.00882428e-02
 3.78072762e+03 2.90972825e-02
 3.78074762e+03 2.81611297e-02
 3.78076762e+03 2.72755387e-02
 3.78078762e+03 2.64366823e-02
 3.78080762e+03 2.56411017e-02
 3.78082762e+03 2.48856648e-02
 3.78084762e+03 2.41675282e-02
 3.78086762e+03 2.34841054e-02
 3.78088762e+03 2.28330390e-02
 3.78090762e+03 2.22121761e-02
 3.78092762e+03 2.16195469e-02
 3.78094762e+03 2.10533456e-02
 3.78096762e+03 2.05119148e-02
 3.78098762e+03 1.99937294e-02
 3.78100762e+03 1.94973851e-02
 3.78102762e+03 1.90215862e-02
 3.78104762e+03 1.85651352e-02
 3.78106762e+03 1.73635811e-02
 3.78108762e+03 1.69486523e-02
 3.78110762e+03 1.65499129e-02
 3.78112762e+03 1.61664793e-02
 3.78114762e+03 1.57975297e-02
 3.78116762e+03 1.54422988e-02
 3.78118762e+03 1.51000733e-02
 3.78120762e+03 1.47701873e-02
 3.78122762e+03 1.44520185e-02
 3.78124762e+03 1.41449850e-02
 3.78126762e+03 1.38485420e-02
 3.78128762e+03 1.35621788e-02
 3.78130762e+03 1.32854164e-02
 3.78132762e+03 1.30178048e-02
 3.78134762e+03 1.27589212e-02
 3.78136762e+03 1.25083679e-02
 3.78138762e+03 1.22657704e-02
 3.78140762e+03 1.20307759e-02
 3.78142762e+03 1.18030515e-02
 3.78144762e+03 1.15822831e-02
 3.78146762e+03 1.13681741e-02
 3.78148762e+03 1.11604442e-02
 3.78150762e+03 1.09588279e-02
 3.78152762e+03 1.07630743e-02
 3.78154762e+03 1.05729455e-02
 3.78156762e+03 1.03882160e-02
 3.78158762e+03 1.02086719e-02
 3.78160762e+03 1.00341104e-02
 3.78162762e+03 9.86433857e-03
 3.78164762e+03 9.69917331e-03
 3.78166762e+03 9.53844040e-03
 3.78168762e+03 9.38197405e-03
 3.78170762e+03 9.22961655e-03
 3.78172762e+03 9.08121764e-03
 3.78174762e+03 8.93663400e-03
 3.78176762e+03 8.79572916e-03
 3.78178762e+03 8.65837279e-03
 3.78180762e+03 8.52444052e-03
 3.78182762e+03 8.39381363e-03
 3.78184762e+03 8.26637861e-03
 3.78186762e+03 8.14202698e-03
 3.78188762e+03 8.02065498e-03
 3.78190762e+03 7.90216347e-03
 3.78192762e+03 7.78645730e-03
 3.78194762e+03 7.67344555e-03
 3.78196762e+03 7.56304110e-03
 3.78198762e+03 7.45516031e-03
 3.78200762e+03 7.34972308e-03
 3.78202762e+03 7.24665263e-03
 3.78204762e+03 7.14587512e-03
 3.78206762e+03 7.04731989e-03
 3.78208762e+03 6.95091881e-03
 3.78210762e+03 6.85660667e-03
 3.78212762e+03 6.76432066e-03
 3.78214762e+03 6.67400035e-03
 3.78216762e+03 6.58558780e-03
 3.78218762e+03 6.49902713e-03
 3.78220762e+03 6.41426461e-03
 3.78222762e+03 6.33124840e-03
 3.78224762e+03 6.24992879e-03
 3.78226762e+03 6.17025765e-03
 3.78228762e+03 6.09218881e-03
 3.78230762e+03 6.01567760e-03
 3.78232762e+03 5.94068104e-03
 3.78234762e+03 5.86715766e-03
 3.78236762e+03 5.79506737e-03
 3.78238762e+03 5.72437163e-03
 3.78240762e+03 5.65503304e-03
 3.78242762e+03 4.45227959e-03
 3.78244762e+03 4.39456917e-03
 3.78246762e+03 4.33800439e-03
 3.78248762e+03 4.28255442e-03
 3.78250762e+03 4.22818951e-03
 3.78252762e+03 4.17488093e-03
 3.78254762e+03 4.12260087e-03
 3.78256762e+03 4.07132247e-03
 3.78258762e+03 4.02101976e-03
 3.78260762e+03 3.97166761e-03
 3.78262762e+03 3.92324171e-03
 3.78264762e+03 3.87571854e-03
 3.78266762e+03 3.82907534e-03
 3.78268762e+03 3.78329006e-03
 3.78270762e+03 3.73834135e-03
 3.78272762e+03 3.69420855e-03
 3.78274762e+03 3.65087162e-03
 3.78276762e+03 3.60831116e-03
 3.78278762e+03 3.56650836e-03
 3.78280762e+03 3.52544498e-03
 3.78282762e+03 3.48510336e-03
 3.78284762e+03 3.44546633e-03
 3.78286762e+03 3.40651727e-03
 3.78288762e+03 3.36824004e-03
 3.78290762e+03 3.33061899e-03
 3.78292762e+03 3.29363892e-03
 3.78294762e+03 3.25728507e-03
 3.78296762e+03 3.22154312e-03
 3.78298762e+03 2.61176724e-03
 3.78300762e+03 2.58177580e-03
 3.78302762e+03 2.55230146e-03
 3.78304762e+03 2.52333231e-03
 3.78306762e+03 2.49485681e-03
 3.78308762e+03 2.46686373e-03
 3.78310762e+03 2.43934216e-03
 3.78312762e+03 2.41228150e-03
 3.78314762e+03 2.38567146e-03
 3.78316762e+03 2.35950202e-03
 3.78318762e+03 2.33376346e-03
 3.78320762e+03 2.30844630e-03
 3.78322762e+03 2.28354134e-03
 3.78324762e+03 2.25903963e-03
 3.78326762e+03 2.23493246e-03
 3.78328762e+03 2.21121134e-03
 3.78330762e+03 2.18786805e-03
 3.78332762e+03 2.16489456e-03
 3.78334762e+03 2.14228303e-03
 3.78336762e+03 2.12002587e-03
 3.78338762e+03 2.09811568e-03
 3.78340762e+03 2.07654524e-03
 3.78342762e+03 2.05530752e-03
 3.78344762e+03 2.03439568e-03
 3.78346762e+03 2.01380305e-03
 3.78348762e+03 1.99352313e-03
 3.78350762e+03 1.97354959e-03
 3.78352762e+03 1.95387626e-03
 3.78354762e+03 1.93449712e-03
 3.78356762e+03 1.91540630e-03
 3.78358762e+03 1.89659809e-03
 3.78360762e+03 1.87806691e-03
 3.78362762e+03 1.85980731e-03
 3.78364762e+03 1.84181399e-03
 3.78366762e+03 1.82408178e-03
 3.78368762e+03 1.80660561e-03
 3.78370762e+03 1.78938057e-03
 3.78372762e+03 1.77240185e-03
 3.78374762e+03 1.75566473e-03
 3.78376762e+03 1.73916465e-03
 3.78378762e+03 1.72289713e-03
 3.78380762e+03 1.70685780e-03
 3.78382762e+03 1.69104238e-03
 3.78384762e+03 1.67544673e-03
 3.78386762e+03 1.66006675e-03
 3.78388762e+03 1.64489849e-03
 3.78390762e+03 1.62993804e-03
 3.78392762e+03 1.61518163e-03
 3.78394762e+03 1.60062554e-03
 3.78396762e+03 1.58626613e-03
 3.78398762e+03 1.57209989e-03
 3.78400762e+03 1.55812333e-03
 3.78402762e+03 1.54433308e-03
 3.78404762e+03 1.53072583e-03
 3.78406762e+03 1.51729833e-03
 3.78408762e+03 1.50404743e-03
 3.78410762e+03 1.49097002e-03
 3.78412762e+03 1.47806309e-03
 3.78414762e+03 1.46532367e-03
 3.78416762e+03 1.45274886e-03
 3.78418762e+03 1.44033583e-03
 3.78420762e+03 1.42808181e-03
 3.78422762e+03 1.41598407e-03
 3.78424762e+03 1.40403997e-03
 3.78426762e+03 9.69624130e-04
 3.78428762e+03 5.39122418e-04
 3.78430762e+03 5.34299971e-04
 3.78432762e+03 5.29541944e-04
 3.78434762e+03 5.24847194e-04
 3.78436762e+03 5.20214604e-04
 3.78438762e+03 5.15643082e-04
 3.78440762e+03 5.11131559e-04
 3.78442762e+03 5.06678989e-04
 3.78444762e+03 5.02284350e-04
 3.78446762e+03 4.97946641e-04
 3.78448762e+03 4.93664884e-04
 3.78450762e+03 4.89438120e-04
 3.78452762e+03 4.85265410e-04
 3.78454762e+03 4.81145839e-04
 3.78456762e+03 4.77078506e-04
 3.78458762e+03 4.73062533e-04
 3.78460762e+03 4.69097058e-04
 3.78462762e+03 4.65181239e-04
 3.78464762e+03 4.61314249e-04
 3.78466762e+03 4.57495280e-04
 3.78468762e+03 4.53723541e-04
 3.78470762e+03 4.49998255e-04
 3.78472762e+03 4.46318664e-04
 3.78474762e+03 4.42684022e-04
 3.78476762e+03 4.39093601e-04
 3.78478762e+03 4.35546686e-04
 3.78480762e+03 4.32042577e-04
 3.78482762e+03 4.28580588e-04
 3.78484762e+03 5.49878560e-09
 3.78486762e+03 5.49878560e-09
 3.78488762e+03 5.49878560e-09
 3.78490762e+03 5.49878560e-09
 3.78492762e+03 5.49878560e-09
 3.78494762e+03 5.49878560e-09
 3.78496762e+03 5.49878560e-09
 3.78498762e+03 5.49878560e-09
 3.78500762e+03 5.49878560e-09
 3.78502762e+03 5.49878560e-09
 3.78504762e+03 5.49878560e-09
 3.78506762e+03 5.49878560e-09
 3.78508762e+03 5.49878560e-09
